01010101010101010101010101010101010101010101010101010101010101010101010101
0101010101010101010101010101010101010101010101010101010101010101010101010101010101010101010101
010101010101010101010101010101010101010101010101010101010101010101010101010101010101
010101010101010101010101010101010101010101010101010101010101010101010101010101
010101010101010101010101010101010101010101010101010101010101010101010101010101010101
01010101010101010101010101010101010101010101010101010101010101010101
0101010101010101010101010101010101
01010101010101
01010101010101010101010101010101010101010101010101010101010101010101010101010101010101
0101010101010101010101010101010101010101010101
010101010101010101010101010101010101010101010101010101010101010101010101010101
0101010101010101010101010101010101
01010101010101010101010101010101010101010101010101010101
01010101010101010101010101010101010101010101010101
0101010101010101010101010101010101010101010101010101
0101010101010101010101010101010101010101010101
01010101010101010101010101010101010101010101010101010101010101010101
010101010101010101010101010101010101010101010101010101010101010101010101010101
0101010101010101010101010101010101010101010101010101010101
010101010101
010101010101010101010101010101010101010101010101
010101010101010101010101010101010101010101010101010101010101010101010101010101010101
0101010101010101010101010101010101010101010101010101
0101010101010101010101010101010101010101010101010101010101010101010101010101010101010101010101010101
01010101010101010101010101010101010101010101010101010101010101010101010101010101010101
0101010101
0101010101010101010101010101010101010101010101010101010101010101010101010101010101010101010101010101
010101010101010101010101010101010101010101010101010101010101010101010101010101
0101010101010101010101010101010101
0101010101010101010101010101010101010101010101010101010101010101
0101010101010101
0101010101010101010101010101010101010101010101010101010101010101010101010101
010101010101010101010101010101010101
01010101010101010101010101010101010101010101010101010101010101010101010101
010101010101010101010101010101010101010101010101010101010101010101010101010101010101
01010101010101010101010101010101010101010101010101
0101010101010101010101010101010101
010101010101010101010101010101010101
0101010101010101010101010101010101010101010101010101010101010101
010101010101010101010101
01010101010101010101010101010101010101010101010101010101
0101010101010101010101010101010101010101010101010101010101
0101010101010101010101010101010101010101010101
010101010101010101010101010101
010101010101010101010101010101010101010101010101010101010101010101010101010101010101
0101
010101010101010101010101010101010101010101010101010101010101010101
01010101010101010101010101010101010101010101010101010101010101010101
01010101010101010101010101
010101010101010101010101010101010101010101010101010101010101010101010101010101010101010101010101
01010101010101010101010101010101010101010101010101010101010101010101010101010101
01010101010101010101010101010101010101
0101010101010101010101010101010101010101010101010101010101010101
010101010101010101010101010101010101010101010101010101
01010101010101010101010101010101010101010101010101010101010101010101010101
0101010101010101010101010101010101010101010101010101010101010101010101010101
010101010101010101010101
0101010101010101010101010101010101010101
0101010101
0101010101
01010101010101010101010101010101010101010101010101010101010101
0101010101010101010101010101010101
0101010101010101010101010101010101010101010101
01010101
010101010101010101010101010101010101010101010101010101010101010101010101010101
01010101010101010101010101010101
010101010101010101010101010101010101010101010101
010101010101010101010101010101010101010101010101010101
010101010101010101010101010101010101010101010101010101010101010101010101
010101010101010101010101010101010101010101010101010101010101010101
0101010101010101010101010101010101010101010101
010101010101010101010101010101010101010101010101010101010101010101010101010101010101010101010101
01010101010101010101010101010101010101010101010101010101010101010101010101
010101010101010101010101010101010101010101010101010101010101
0101010101010101010101010101010101010101010101010101010101010101010101010101010101010101010101
010101010101010101010101010101010101010101010101010101010101010101010101010101
01010101010101010101010101010101010101010101010101010101010101010101010101
010101010101010101010101010101010101010101010101010101010101010101010101010101010101010101010101
01010101010101010101010101010101
0101010101010101010101
01010101
010101010101010101
01010101010101010101010101010101010101010101010101010101010101010101010101010101010101010101010101
010101010101010101010101010101010101010101010101010101010101010101010101010101
0101010101010101010101010101010101010101010101010101010101010101
0101010101010101010101010101010101010101010101010101010101010101010101
010101010101010101010101010101010101010101010101010101010101010101010101010101010101010101010101
010101010101010101010101010101010101010101010101010101010101010101010101010101010101
010101010101010101010101010101010101010101010101010101
010101010101010101010101010101
0101010101010101010101010101010101010101010101010101010101010101010101010101
010101010101010101010101010101010101010101010101010101010101010101010101010101010101010101
010101010101010101010101010101010101010101010101010101010101010101010101
0101010101010101010101010101010101010101010101010101010101010101010101010101010101010101010101010101
0101010101010101010101010101010101010101010101010101010101010101010101010101010101010101010101010101
01010101010101010101010101010101010101010101010101010101010101
0101010101010101010101010101010101010101010101010101010101
010101010101010101010101010101010101010101010101010101010101010101010101010101
01010101010101010101010101010101010101010101010101010101010101010101010101
0101010101010101010101010101
0101010101010101010101010101010101010101010101010101
010101010101010101010101010101010101010101010101010101010101010101010101010101010101010101
010101010101010101010101010101010101
01010101010101010101010101010101010101010101010101010101
01010101010101010101010101010101010101010101010101010101010101010101010101010101010101010101
01010101010101010101010101010101010101010101010101010101010101010101010101
0101010101010101010101010101010101010101010101
01010101010101010101010101010101010101010101010101010101010101010101010101
0101010101010101010101010101010101010101010101010101010101010101010101010101010101
0101010101010101010101010101010101010101010101010101010101010101010101010101010101
0101010101010101010101010101010101010101010101010101010101010101010101010101010101010101010101010101
0101010101010101010101010101010101010101010101010101
010101010101010101010101010101010101010101010101010101010101010101010101010101010101
0101010101010101010101010101010101010101010101
01010101010101010101010101010101010101
0101010101010101010101010101010101010101010101
0101010101010101010101010101010101010101010101010101010101
01010101010101010101010101010101010101010101010101010101010101010101010101
0101010101010101010101010101010101010101010101010101010101010101
0101010101010101010101010101010101
0101010101010101010101
01010101010101010101
0101010101010101010101010101010101010101010101010101
01010101010101010101010101010101010101010101010101010101010101010101010101010101010101010101010101
0101010101010101010101010101010101010101010101010101010101010101010101010101010101010101010101010101
0101010101010101010101010101010101010101010101010101010101010101
0101010101010101010101010101010101010101010101010101010101010101010101010101010101010101010101
010101010101010101010101010101010101010101010101010101010101
01010101010101010101010101
01010101010101010101010101
01010101010101
01010101010101010101010101010101010101010101010101010101010101010101010101
01010101010101010101010101010101010101
010101010101
010101010101010101010101010101010101010101010101010101010101010101010101010101010101
0101010101010101010101010101010101010101010101010101010101010101010101010101010101010101010101010101
0101010101010101010101010101010101010101010101010101010101
0101010101010101010101010101010101010101010101010101010101010101010101010101010101
0101010101010101010101010101010101010101010101010101010101010101010101010101010101010101010101010101
010101010101010101010101010101010101010101010101010101
010101010101010101010101010101010101
010101010101010101010101010101010101010101010101010101
010101010101010101010101010101010101010101010101010101010101010101
010101010101010101010101
0101010101010101
010101010101010101
0101010101010101010101010101010101010101010101010101010101010101010101010101010101
010101010101010101010101010101010101
01010101010101010101010101010101010101010101010101010101010101010101010101010101010101
0101010101010101010101010101010101010101010101010101010101010101010101010101010101
010101010101010101010101010101010101010101
0101010101010101010101010101010101010101010101010101010101010101010101
010101010101
0101010101
010101
010101010101010101010101010101010101010101010101010101010101010101010101010101010101
010101010101010101010101010101010101010101010101010101010101010101
0101010101010101010101010101010101010101010101010101010101010101010101
01010101010101010101010101
01010101010101010101010101010101010101010101
01010101
010101010101010101010101010101010101010101010101010101010101010101010101010101010101010101010101
010101010101010101010101010101010101010101
010101010101010101010101010101010101010101010101010101010101010101
01010101010101010101010101
01010101010101010101010101010101010101010101010101010101
0101010101010101010101010101010101
0101010101010101010101010101010101010101010101010101010101010101010101010101010101010101010101010101
010101010101010101010101010101
01010101010101010101
010101010101010101010101010101010101010101010101010101010101010101
0101010101010101010101010101010101010101
010101010101
0101010101010101010101010101010101010101010101010101010101010101010101010101010101010101010101
0101010101010101010101010101010101010101010101010101010101010101010101010101010101010101010101010101
01010101010101010101010101010101010101010101010101010101010101010101010101010101010101010101
01010101010101010101010101010101010101010101010101010101010101010101010101010101010101010101010101
01010101010101010101
010101010101010101010101010101010101010101010101010101010101010101010101
010101010101010101010101010101010101010101010101010101010101010101010101010101010101010101010101
0101010101010101010101
010101010101010101010101010101010101010101
010101010101010101010101
01010101010101010101010101010101010101010101010101010101010101
01010101010101010101
010101010101010101010101
01010101010101010101010101010101010101010101010101010101010101010101010101010101010101010101
010101010101
0101010101010101010101010101010101010101010101010101010101010101010101010101010101010101010101010101
0101010101010101
010101010101010101010101010101010101
010101010101010101010101010101010101010101010101010101010101010101010101
0101010101010101010101010101010101010101010101010101010101010101010101010101010101
01010101
010101010101010101010101010101010101010101010101010101010101
01010101
010101010101010101010101
0101010101010101010101010101010101010101010101010101010101010101010101
010101010101010101010101010101010101010101010101010101010101010101010101010101
0101010101010101010101010101010101010101010101010101010101010101010101010101010101
010101010101010101
0101010101010101010101010101010101010101010101010101010101010101010101
0101010101010101010101
01010101010101010101
01010101010101010101010101010101010101
01010101010101010101010101010101010101010101010101010101010101010101
010101010101010101010101010101010101010101010101010101010101010101010101010101010101
01010101010101010101010101010101010101010101010101010101010101010101010101
010101
010101010101010101010101010101010101010101010101010101
01010101010101010101010101010101010101010101010101010101
0101
010101010101
01010101010101010101010101010101010101010101010101010101010101010101010101010101010101
01010101010101010101010101010101010101010101010101010101010101010101010101010101
01010101010101010101010101010101010101010101010101010101010101010101010101010101
010101010101010101010101010101010101010101
01010101010101010101010101010101010101010101010101010101010101010101010101010101010101010101
010101010101010101010101010101010101010101010101010101010101010101010101010101010101
0101010101010101
01010101010101010101010101010101010101010101010101010101
01010101010101010101010101010101010101010101010101010101010101
0101010101010101010101010101010101010101010101010101010101010101010101
010101010101010101010101010101010101010101010101010101010101010101010101010101010101010101
01010101010101
010101010101010101
010101
01010101
010101010101010101010101010101010101010101010101010101010101010101010101010101
010101
0101010101010101010101010101010101010101010101010101010101010101010101010101010101010101
010101010101010101010101010101
01010101010101010101010101
0101010101010101
010101010101010101010101010101010101010101010101010101010101010101010101010101
010101010101010101010101010101010101010101010101010101
01010101010101010101010101010101010101010101010101010101
010101
0101010101010101010101010101010101010101010101010101010101010101010101010101010101010101010101010101
01010101010101010101010101
0101010101010101010101010101010101010101010101010101
01010101010101010101010101010101010101010101010101010101
01010101010101010101
01010101
0101010101
0101010101010101010101010101010101010101010101010101010101010101010101
010101010101010101010101010101
01010101010101010101010101010101010101010101010101010101010101010101010101010101010101
010101010101010101010101010101010101010101010101010101010101010101010101010101010101
0101010101010101
01010101010101010101010101010101010101
0101010101010101010101010101010101010101010101010101010101010101010101010101010101
010101010101010101010101010101010101010101010101010101010101
010101010101010101010101010101010101010101010101010101010101010101010101010101010101
01010101010101010101010101010101010101010101010101010101010101010101010101010101010101010101010101
0101010101010101010101010101010101010101010101010101010101010101010101
0101010101010101010101
01010101010101010101010101010101010101010101010101010101010101010101010101
01010101010101010101010101010101010101010101010101010101010101010101010101010101
01010101010101
01010101010101010101010101010101010101010101010101010101010101010101010101
010101010101010101
01010101010101010101010101010101
0101010101010101
0101010101
01010101010101010101010101010101010101010101010101010101010101010101010101010101010101
0101010101010101010101010101010101010101010101010101010101010101010101010101010101010101010101
0101010101010101010101010101010101010101010101010101010101
0101010101010101010101010101010101010101010101
01010101
0101010101010101010101010101010101010101010101010101010101
010101010101010101010101010101010101010101010101010101010101010101010101
01010101010101010101010101010101010101010101010101
0101010101010101010101
01010101010101010101010101010101010101010101010101010101010101010101010101
01010101010101010101010101010101010101010101010101010101010101010101010101010101
010101010101010101010101010101010101010101010101010101010101010101010101010101
01010101010101010101010101010101010101010101010101010101010101
010101010101
0101010101010101010101010101010101
0101010101010101010101010101010101010101010101010101010101
01010101010101010101010101010101010101010101010101010101010101010101010101010101
010101010101010101010101010101
0101010101010101010101010101010101010101010101010101010101010101010101010101010101010101010101010101
0101010101010101010101010101010101010101010101010101010101010101
0101010101010101010101010101010101010101010101010101010101010101010101010101010101
0101010101010101010101010101010101010101010101010101010101010101010101010101
010101010101010101
0101010101010101010101010101
010101010101010101
010101010101010101010101010101010101
0101010101
0101010101010101010101010101010101010101010101010101010101010101010101010101
0101010101010101010101010101010101010101010101010101010101010101010101010101
01010101010101010101010101010101010101
010101010101010101010101
01010101010101
0101010101010101010101010101010101010101010101010101010101010101010101010101010101010101010101010101
010101010101010101010101010101
01010101010101
01010101010101010101010101010101010101010101010101010101010101010101010101010101010101010101010101
010101010101010101
01010101010101010101010101010101010101010101010101010101010101010101010101010101010101010101
0101010101010101
010101010101010101010101010101010101010101010101010101010101
01010101010101010101010101010101010101010101010101010101010101010101010101010101010101010101
01010101010101010101010101010101010101010101010101010101010101010101010101010101010101010101
01010101010101010101010101010101
0101010101010101
010101010101010101
0101010101010101010101010101010101010101010101010101010101010101010101010101010101010101010101010101
010101010101010101010101010101010101010101010101010101010101010101010101010101
01010101010101010101010101010101010101010101010101010101010101010101
0101010101010101010101010101010101010101010101
010101010101010101010101010101010101010101010101010101010101010101010101010101010101010101010101
0101010101010101010101010101010101010101010101010101
01010101010101010101010101010101010101010101010101010101010101010101
01010101010101010101010101010101010101010101010101010101010101010101010101
01010101010101010101010101010101010101010101010101010101010101010101
010101010101010101010101010101010101010101010101010101010101
01010101010101010101010101010101010101010101010101010101010101010101010101010101
01010101010101010101
01010101010101010101010101010101010101
01010101010101010101010101010101010101010101
010101010101010101
010101010101010101
01010101010101010101010101010101010101010101010101010101010101010101010101
0101010101010101010101
010101010101010101010101010101010101010101010101
01010101010101010101010101
0101010101010101010101010101010101010101010101010101010101
0101
0101010101010101010101010101010101010101010101010101010101010101
01010101010101010101
010101010101010101010101010101010101010101010101010101010101010101010101010101010101010101
0101010101010101010101010101010101010101010101010101010101010101010101010101010101010101010101
010101010101010101010101010101010101010101010101010101010101010101010101
0101010101010101010101010101
0101010101010101010101010101010101010101010101010101010101010101010101010101010101010101010101
010101010101010101010101010101010101010101
010101010101010101010101010101010101010101
010101010101010101010101010101010101010101010101
010101010101010101010101010101010101010101010101
010101010101010101010101
01010101010101010101010101010101010101010101010101010101010101010101010101
010101010101010101010101010101010101010101010101010101010101
01010101010101010101010101010101010101010101010101010101010101010101010101010101
010101010101010101010101010101010101010101010101010101010101010101
0101
010101010101010101010101010101010101010101
010101010101010101010101010101010101010101010101010101010101010101010101010101010101
01010101010101010101010101
0101010101010101010101
010101010101010101010101010101010101
0101010101010101010101010101010101010101010101010101010101010101010101010101010101
010101010101010101010101010101010101010101
01010101010101010101010101010101010101010101010101010101010101010101010101010101010101010101010101
01010101010101010101010101010101010101010101010101010101
010101010101010101010101010101
01010101010101010101010101010101010101
010101010101010101010101010101010101010101010101010101010101010101010101010101
010101010101
01010101010101
01010101010101010101010101010101010101010101010101010101010101010101010101
01010101010101010101010101010101010101010101010101010101010101010101010101010101010101010101
010101
0101010101010101010101010101010101010101010101010101
01010101010101010101010101010101010101010101010101010101010101010101010101
0101010101010101010101010101010101010101010101010101010101010101
0101010101010101010101010101010101010101010101
010101010101010101010101010101010101
010101010101010101010101010101010101010101010101010101010101010101010101010101010101
010101010101010101010101010101010101010101010101010101
0101010101010101010101010101010101010101010101010101010101010101010101010101010101010101
01010101010101010101010101010101010101010101010101010101
010101010101010101010101010101010101010101010101010101010101010101010101010101010101
01010101010101010101010101010101010101010101010101
010101010101010101010101010101010101010101010101010101010101
010101010101010101010101010101010101010101010101010101
0101010101010101010101010101010101010101010101010101010101010101010101
01010101010101010101010101010101010101010101010101010101010101010101010101010101010101
0101010101010101010101010101010101010101010101010101
01010101010101010101010101010101010101010101010101010101010101010101
010101
010101010101010101010101010101010101010101010101010101
010101010101
010101010101010101010101010101010101010101010101010101010101010101010101010101010101010101
01010101010101010101010101010101010101010101010101010101010101
0101010101010101010101010101010101010101010101010101010101010101010101010101010101010101010101
0101010101010101010101010101010101010101010101010101010101010101010101010101010101010101010101010101
010101010101
010101010101010101
0101010101010101010101010101010101010101010101010101010101010101010101
0101010101010101010101010101010101010101010101010101010101010101010101010101
010101
010101010101010101010101010101010101
010101010101010101010101010101010101010101010101010101010101010101010101010101
01010101010101010101010101010101010101010101010101
0101010101010101010101010101010101010101
0101010101010101010101010101010101010101010101010101010101010101010101010101010101010101
01010101010101010101010101010101010101010101010101010101010101010101010101010101010101
010101010101010101010101010101010101010101010101010101
0101
010101010101010101010101010101010101010101010101010101010101010101010101
0101010101010101010101010101010101
0101010101010101010101010101
01010101010101010101010101010101010101010101
01010101010101010101010101010101010101
01010101010101010101010101010101010101010101010101010101010101
010101010101010101010101010101010101010101010101010101010101010101010101010101010101010101010101
010101010101010101010101010101010101010101010101010101010101010101010101010101010101010101
01010101010101010101010101
010101010101010101010101010101010101010101010101010101010101010101
0101010101010101010101010101010101010101010101010101010101010101010101010101010101010101010101010101
010101010101010101010101010101
0101010101010101010101010101010101010101010101010101010101010101010101010101010101
01010101
010101010101010101010101010101010101010101010101010101010101010101010101
0101010101010101010101010101010101010101010101
01010101010101
0101
010101010101010101010101010101010101010101010101
0101010101010101010101010101010101010101010101010101010101
010101010101010101010101010101010101
010101010101010101010101010101
0101010101010101010101010101
0101010101010101010101010101010101010101010101010101010101010101010101010101010101
0101010101010101010101010101010101
0101010101010101010101
01010101010101010101010101010101010101010101
010101010101010101010101010101010101010101010101
010101010101010101010101010101010101010101010101010101010101010101010101
0101010101010101010101010101010101010101010101
01010101
0101010101010101010101010101010101010101010101010101010101010101010101010101
010101010101010101010101010101
01010101010101010101010101010101010101
010101010101010101010101010101010101010101010101010101010101010101010101010101010101010101
010101010101010101010101
010101010101010101010101010101010101010101010101010101010101010101010101010101010101010101
010101010101010101010101010101010101010101010101010101
01010101010101010101010101010101010101010101010101
01010101010101010101010101010101010101010101010101010101010101010101010101010101010101010101010101
0101010101010101010101010101010101010101010101010101
01010101010101010101010101010101010101010101010101010101010101
01010101010101010101010101010101010101010101010101010101010101
0101010101010101010101010101
0101010101010101010101010101010101010101010101010101010101010101010101010101010101
01010101010101010101010101010101010101010101010101
010101010101010101010101010101
010101010101010101010101010101010101010101010101010101010101010101010101010101010101010101
0101010101010101010101010101010101
01010101010101010101010101010101
010101010101010101010101010101010101010101010101010101010101010101010101
01010101010101010101010101010101010101010101010101010101010101010101010101010101010101
010101010101010101010101
01010101010101010101010101010101010101010101010101
01010101010101010101010101010101010101010101010101010101010101010101010101
0101010101010101010101010101
010101010101010101010101010101010101010101010101010101010101010101
0101010101010101010101010101010101010101010101010101010101010101010101010101010101
01010101010101010101010101010101010101010101010101010101010101010101010101
010101010101010101010101010101010101010101010101010101010101010101010101010101010101
01010101010101010101010101010101010101010101010101010101010101010101010101010101010101010101
01010101010101010101010101010101
010101010101010101010101010101010101010101010101
01010101010101010101010101010101010101010101010101010101010101010101010101010101010101010101010101
010101010101010101010101010101010101010101010101010101010101010101010101010101010101010101010101
010101010101010101010101010101
0101010101010101010101
010101010101010101010101010101010101010101010101010101010101010101
0101010101010101010101010101010101010101010101010101010101010101010101
0101010101010101010101010101010101010101010101
0101
0101010101010101010101010101010101010101010101010101010101010101010101
01010101010101010101010101010101010101010101010101010101010101010101
01010101010101010101010101010101010101010101010101010101010101010101
0101
010101010101010101010101010101010101010101010101010101010101010101
010101010101010101010101010101010101010101
01010101
01010101010101010101010101010101010101
0101010101010101010101010101010101010101010101010101010101010101010101010101010101010101
01010101010101010101010101010101010101010101
010101010101010101010101010101010101010101010101010101010101010101010101010101
010101010101010101010101010101010101010101010101010101010101010101010101
010101010101010101010101010101010101010101010101010101010101010101010101
010101
010101010101010101010101010101010101010101010101010101
010101010101010101010101010101010101010101010101010101010101010101010101010101010101010101
01010101010101010101010101010101010101010101010101010101010101010101010101010101010101
010101010101010101010101010101010101010101010101010101
0101010101010101
010101010101010101010101010101010101010101010101010101010101010101010101010101010101010101010101
01010101010101010101
0101010101010101010101
010101010101
01010101010101010101010101010101010101010101
010101010101010101010101010101010101010101010101010101010101010101010101010101010101010101010101
0101
010101010101010101010101010101010101010101010101010101010101010101010101010101010101010101
01010101010101010101010101010101010101010101010101010101010101
010101010101010101010101010101010101010101010101010101
010101010101010101010101010101010101010101010101010101010101010101010101
01010101010101010101010101010101010101010101010101010101010101010101010101010101010101010101010101
0101010101010101010101010101010101010101
01010101010101010101010101010101010101010101010101010101010101
010101010101010101
010101010101010101010101010101010101010101010101010101010101
0101010101010101010101010101010101010101010101010101010101010101010101
0101010101010101010101010101010101010101010101010101010101010101
010101010101010101010101010101010101010101010101010101010101010101
01010101010101010101010101010101010101010101
0101010101010101010101010101010101010101010101010101010101
01010101010101010101010101010101010101010101010101010101010101010101010101
010101010101010101010101010101
0101010101010101010101010101010101010101010101010101010101010101
01010101010101010101010101010101010101010101010101
010101010101010101010101010101010101010101010101010101010101010101010101010101010101010101010101
0101010101010101010101010101010101010101010101010101010101010101010101010101010101
0101010101010101
0101
010101010101010101010101010101010101
01010101010101010101010101010101010101010101010101010101010101
01010101010101010101010101010101010101010101010101010101010101010101
0101010101010101010101010101010101
0101010101
01010101010101010101010101010101010101010101010101010101
0101010101010101010101010101010101010101010101010101010101010101010101010101010101010101010101
01010101010101010101
0101
0101010101010101010101010101010101010101010101
01010101010101010101010101010101010101010101010101010101010101010101010101010101010101010101
01010101010101010101010101010101010101010101010101010101010101010101
0101010101010101010101010101010101010101010101010101010101010101010101010101010101010101
010101010101010101010101
01010101010101010101010101010101010101010101010101010101010101010101010101010101010101
0101010101010101010101010101010101010101010101010101010101010101010101010101
01010101010101010101010101010101010101010101010101010101010101010101010101010101
01010101010101
0101010101010101010101010101010101010101010101010101010101010101010101
0101010101010101010101010101010101010101010101010101010101
01010101010101010101010101010101010101010101010101010101010101010101010101010101010101
0101010101010101010101010101010101010101010101010101010101010101
0101010101010101010101010101010101010101010101010101010101010101010101010101010101010101010101
01010101
01010101010101010101010101010101010101010101010101010101
010101010101
0101010101010101010101010101010101010101
0101010101010101010101010101010101010101010101010101010101010101010101010101010101010101
0101010101010101010101010101010101010101010101010101010101
010101010101010101
0101010101010101010101010101010101010101010101010101010101
010101010101010101010101010101010101010101010101010101010101
010101
0101010101010101010101010101010101010101010101010101010101010101010101
0101010101010101010101010101010101010101
01010101010101010101010101
010101010101010101010101010101010101010101010101010101010101010101010101010101010101010101
010101
010101010101010101010101010101010101010101010101010101010101010101010101010101010101010101
01010101010101010101010101010101010101010101010101010101010101010101
010101010101010101010101010101010101010101010101010101010101010101010101010101
0101010101010101010101010101
01010101010101010101010101010101010101010101010101
01010101010101010101010101010101010101010101010101010101010101010101
0101010101010101010101010101010101
0101010101010101010101
0101010101010101010101010101
0101010101010101010101010101010101
0101010101010101010101010101010101010101
010101
010101010101
0101010101010101010101010101010101010101010101010101010101010101010101010101010101010101
010101010101010101
01010101010101010101010101010101010101010101010101010101010101010101010101010101010101010101010101
01010101010101010101010101
01010101010101010101010101010101010101
010101
01010101010101010101010101010101010101010101010101010101010101010101010101010101010101
010101010101010101010101010101010101010101
010101010101010101010101010101010101010101
01010101010101010101010101010101010101010101010101
01010101010101010101010101010101010101010101010101010101010101010101
01010101
0101010101010101010101010101010101010101010101010101010101
010101010101010101010101010101010101010101010101010101010101010101010101010101010101010101010101
010101010101010101010101010101010101010101
0101010101010101010101010101010101010101010101010101010101010101010101010101010101010101
010101010101
0101010101010101010101010101010101010101010101010101010101
010101010101010101010101010101010101010101010101010101010101010101010101010101010101010101
010101010101010101
010101
0101010101010101010101010101010101010101010101010101010101010101
01010101010101010101010101010101010101010101010101010101010101010101010101
0101010101010101010101010101
01010101010101010101010101010101010101010101010101010101
0101010101
010101010101010101010101010101010101010101010101010101010101010101010101
01010101010101010101010101010101010101010101010101
010101010101010101010101010101010101010101010101010101010101
01010101010101
010101010101010101010101010101010101
0101010101010101010101010101010101010101010101010101010101010101010101010101010101010101
010101010101010101010101010101
0101010101010101010101010101010101010101010101
01010101010101010101010101010101
010101010101010101010101
010101010101010101010101010101010101010101010101010101010101
0101010101010101010101
010101010101
010101010101010101010101010101010101010101010101010101010101010101010101
01010101010101010101010101010101
01010101010101010101010101010101010101010101010101
0101010101010101010101010101010101010101010101010101010101010101010101
0101
01010101010101010101010101010101010101010101010101010101010101010101010101
0101010101010101010101010101010101010101010101010101
0101010101010101010101010101010101010101
01010101
010101010101010101010101010101010101010101010101010101010101010101010101
01010101010101010101010101
010101
010101010101010101010101010101010101010101010101
0101
01010101010101010101010101010101010101010101010101010101010101010101010101010101010101010101
01010101010101010101010101010101010101010101010101010101
0101010101010101010101010101
0101010101010101010101010101010101010101010101010101010101010101010101010101010101010101010101010101
0101010101010101010101
010101010101010101010101010101010101010101010101010101
010101010101010101
01010101010101010101010101
010101010101010101010101010101010101010101010101010101010101010101010101010101
01010101010101010101010101010101010101010101010101010101010101010101
01010101010101010101010101010101010101
0101010101010101010101010101010101010101010101010101010101010101010101010101010101010101
010101010101
010101010101010101010101010101010101010101010101010101010101010101
010101010101010101010101010101010101010101010101
010101010101010101010101010101010101010101010101010101010101010101010101010101010101010101
0101
010101010101010101010101010101010101010101010101010101
0101010101010101010101
010101010101010101010101010101010101010101010101010101010101010101
0101010101010101010101010101010101010101010101010101010101010101010101
0101010101010101010101
0101010101010101010101010101010101
0101010101
0101010101010101
01010101010101010101010101010101010101010101010101010101010101010101010101
01010101010101010101010101010101010101010101010101010101010101010101010101
0101010101010101010101010101010101010101010101010101010101010101010101010101010101010101
010101010101010101010101010101010101010101010101
01010101010101010101010101010101010101
0101010101010101
01010101010101010101010101010101010101010101010101010101010101
010101010101010101010101
010101010101010101010101010101010101010101010101010101010101010101010101
0101010101010101010101010101010101010101010101010101
01010101010101
010101010101010101010101010101010101010101010101010101010101010101010101010101010101010101
01010101010101
010101010101010101010101010101010101010101010101010101010101010101010101010101010101010101
0101010101010101010101010101010101010101010101010101010101010101010101010101010101
01010101010101010101010101010101010101010101
0101
010101010101010101010101010101010101010101
010101010101010101010101010101010101010101010101010101010101010101
01010101010101010101010101010101010101010101010101010101010101
01010101010101010101010101010101010101010101
010101010101010101010101010101010101010101010101
0101010101010101010101010101010101010101010101010101
010101010101010101010101010101010101010101010101010101
010101010101010101010101010101010101010101010101010101010101010101
0101
0101010101010101010101010101010101010101010101
01010101010101010101010101010101010101010101010101010101010101010101
010101010101010101010101010101010101
010101010101010101010101010101010101010101010101
0101010101
01010101010101010101010101010101010101010101010101
010101010101010101010101010101010101010101010101010101010101010101010101010101
010101010101
0101010101010101010101010101010101010101010101010101010101
0101010101010101010101010101010101010101010101010101010101010101010101010101010101010101010101010101
0101
0101010101010101010101010101010101010101
01010101010101010101010101010101010101010101
010101010101010101010101010101010101010101010101010101010101010101010101010101
0101010101010101010101010101010101010101010101010101010101010101010101010101010101
0101010101010101010101010101010101010101010101
01010101010101010101010101010101
01010101010101010101010101010101010101010101010101010101010101010101010101
01010101010101010101010101010101010101010101010101
010101010101010101010101010101010101010101010101010101010101010101010101010101
01010101010101010101010101010101010101010101010101010101010101010101010101010101010101010101
01010101
010101010101010101010101
01010101010101010101010101010101010101010101010101010101010101
0101010101010101010101010101010101010101010101010101010101010101010101010101010101010101
01010101010101010101010101010101010101010101010101010101
01010101010101010101010101010101010101
01010101010101010101010101010101010101010101010101010101010101010101010101010101010101
010101010101010101010101010101010101010101
010101010101010101010101010101010101
010101010101010101010101010101
01010101010101010101010101010101010101010101010101010101010101010101010101
010101010101010101010101010101010101010101010101
010101010101010101010101010101
01010101010101010101010101010101010101010101010101010101010101
01010101010101010101010101010101010101010101010101010101010101010101010101010101
01010101010101010101010101010101010101010101010101010101010101010101010101010101010101010101
0101010101010101010101010101010101010101010101010101
01010101010101010101010101010101010101010101010101010101010101010101010101010101010101010101
0101010101010101010101010101010101010101010101010101010101010101010101010101
0101010101010101010101010101010101010101
01010101010101010101010101010101010101010101010101010101010101
010101010101010101010101
010101010101010101010101
0101010101
010101010101010101010101010101010101010101010101010101
010101010101010101010101010101010101010101010101
010101010101010101010101010101010101010101010101010101010101010101
0101010101010101010101010101010101010101010101010101010101010101
0101010101010101010101010101010101010101010101010101010101010101010101010101010101010101
010101010101010101010101010101010101010101010101010101
01010101010101010101
0101010101010101010101010101010101010101010101
0101010101010101010101010101010101010101010101010101010101010101010101010101
010101010101010101010101010101010101010101
0101010101010101010101010101010101010101010101
0101010101010101010101010101010101010101010101010101010101010101010101010101
01010101010101010101010101010101010101010101010101010101010101010101010101010101010101010101010101
0101010101010101010101010101010101
01010101010101010101010101010101010101010101010101010101010101010101010101010101010101010101010101
010101010101010101010101010101010101010101010101010101010101010101
0101010101010101010101
01010101010101010101
0101010101010101010101010101010101010101010101010101010101010101010101010101010101010101
0101010101010101010101010101010101010101010101010101010101010101010101010101010101010101
010101010101010101010101010101
01010101010101010101010101010101010101010101010101010101
01010101010101010101010101010101010101010101010101010101010101010101010101010101010101010101
0101010101010101010101010101010101010101010101010101010101010101010101010101010101010101
01010101010101010101010101010101010101010101010101010101010101010101
01010101010101010101010101010101010101010101010101010101010101010101
01010101010101010101010101010101010101010101010101010101010101010101010101010101010101010101
0101010101
010101010101010101010101010101010101010101010101010101010101010101010101
010101010101010101
010101010101010101010101010101010101010101
0101010101010101010101010101010101010101010101010101010101
01010101010101010101010101010101010101010101010101010101010101010101010101010101010101010101010101
01010101010101010101010101
01010101010101010101010101010101010101010101010101010101010101010101010101
010101010101010101010101010101010101010101010101010101010101
01010101010101010101010101010101010101
010101010101010101010101010101010101010101010101
01010101010101010101010101010101010101010101010101010101010101010101010101010101010101
0101010101010101010101010101
010101010101010101010101010101010101010101010101010101
01010101010101010101010101010101
0101010101010101010101010101010101010101010101010101010101010101010101010101010101010101010101
01010101010101
010101010101010101010101010101010101010101
0101
010101010101010101010101010101010101010101010101010101010101
0101010101010101010101010101010101010101010101
01010101010101010101010101010101
010101010101010101010101010101010101010101010101010101010101010101010101010101010101010101
010101010101010101010101010101010101010101010101010101010101
01010101010101010101010101010101010101010101010101010101010101010101010101010101
01010101010101010101010101010101010101010101010101
01010101010101010101010101010101010101010101010101010101010101010101010101
0101010101010101010101010101010101010101010101010101010101010101010101010101010101010101010101010101
01010101010101010101010101010101010101010101010101010101
01010101010101010101010101010101010101010101
01010101010101010101010101010101010101010101010101010101010101010101
010101010101010101010101
0101010101010101010101
0101010101010101010101010101010101010101010101010101010101010101
0101010101010101010101010101010101010101010101010101010101010101010101010101
0101010101010101010101
01010101010101010101010101010101
01010101010101010101010101010101
01010101010101010101
010101010101010101010101
01010101010101010101010101010101010101010101010101010101010101
01010101010101010101010101010101010101010101010101010101010101010101010101010101010101010101
01010101010101010101010101010101010101010101
010101010101010101010101010101
010101
01010101010101010101010101010101010101010101010101010101010101010101010101010101010101
010101
0101010101010101010101010101010101010101010101010101010101010101010101
0101010101010101010101010101010101010101010101010101010101010101
010101010101010101010101
01010101010101
0101010101010101010101010101010101010101010101010101
01010101
0101010101010101010101010101010101010101
010101010101010101010101010101010101010101010101010101010101010101010101010101
0101010101010101010101010101
010101010101010101010101
010101010101010101010101010101010101010101010101010101010101010101010101010101010101
010101010101010101010101010101010101010101
010101010101010101010101010101010101010101010101010101010101010101
0101010101010101010101
01010101010101010101010101010101010101010101
010101010101010101010101010101010101010101010101010101010101010101
01010101010101010101010101010101010101010101010101010101010101010101010101010101
010101010101010101010101010101010101010101010101
01010101010101010101010101010101010101010101010101010101
01010101010101010101010101010101010101010101010101010101010101010101010101
0101010101
0101010101010101010101010101010101010101010101010101
01010101010101010101010101010101010101010101010101
0101010101010101010101010101010101010101010101010101010101010101010101010101010101010101010101010101
01010101
0101010101010101010101010101010101010101010101010101
010101010101010101
01010101010101010101010101010101010101010101010101010101
0101010101010101010101010101010101010101010101010101010101010101010101010101010101010101010101
01010101010101010101010101010101010101010101010101010101010101010101010101010101
010101010101010101010101010101010101010101010101
0101010101
010101010101010101010101010101010101010101010101010101010101010101010101
010101010101010101010101010101010101010101010101010101010101010101010101010101010101
01010101010101010101
010101
01010101010101010101010101010101010101010101010101010101010101010101010101010101010101
01010101010101010101010101010101010101010101010101010101010101
0101010101010101010101010101010101010101010101010101010101010101010101010101010101010101
010101010101010101010101010101010101010101010101010101
010101010101010101
0101010101010101010101010101010101010101010101010101010101010101010101010101010101010101010101
0101010101010101010101010101010101010101010101
01010101010101010101010101010101010101010101010101010101010101010101
0101010101010101010101010101010101010101010101
01010101010101010101010101010101010101010101010101010101010101010101
0101010101010101010101010101
010101010101010101010101010101010101010101010101010101010101010101010101010101010101
010101010101010101010101010101010101010101010101010101010101010101010101010101
010101010101010101010101010101010101010101010101010101010101010101010101010101010101010101
01010101010101010101010101010101010101010101010101010101010101010101
0101010101010101010101010101010101010101010101010101
01010101
0101010101010101010101010101010101010101010101010101010101010101010101010101010101010101010101010101
0101010101010101010101010101010101010101010101
010101010101010101010101010101010101010101010101010101010101010101010101010101010101010101010101
01010101010101010101010101010101010101010101010101
01010101010101010101010101010101010101010101010101010101010101010101010101010101010101
010101010101010101010101
01010101010101010101010101
01010101
0101010101010101010101010101010101010101010101010101
01010101010101010101010101
010101
010101
0101010101010101010101010101010101010101010101010101010101010101010101010101010101
0101010101010101010101010101010101010101010101010101010101010101010101010101010101
0101010101010101010101010101010101
01010101010101010101010101010101010101010101010101010101010101010101010101010101010101010101
01010101010101010101
0101010101010101010101010101010101010101
010101010101010101
010101010101010101010101010101010101010101
010101
0101010101010101010101010101010101010101010101010101010101010101010101010101
01010101010101010101010101
010101010101010101010101010101
010101
01010101010101
0101010101010101
01010101010101010101010101010101010101
01010101010101010101010101010101010101010101010101010101010101010101010101010101
0101
010101010101010101010101010101010101010101010101010101010101010101
0101010101010101010101010101
01010101010101010101010101010101
010101010101010101010101010101010101010101010101010101010101010101010101
0101010101010101010101010101010101010101010101010101010101010101010101010101010101010101010101010101
010101010101010101010101010101010101
0101010101010101010101010101010101010101010101010101010101010101010101
010101010101010101010101010101010101010101010101010101010101010101010101
01010101010101010101010101010101010101
010101010101010101010101
010101010101010101010101010101010101010101010101010101010101010101
0101010101
010101010101
010101010101010101010101010101010101
0101010101010101010101010101010101010101010101010101010101
010101010101010101010101010101010101010101010101010101010101010101
01010101010101010101010101010101010101010101010101010101010101010101010101010101010101
0101010101010101010101010101010101010101010101010101010101
010101010101010101010101010101010101
0101010101010101010101010101010101010101010101010101010101010101010101010101
0101010101010101010101010101010101010101010101010101010101
01010101010101010101010101010101010101010101010101010101010101010101010101010101
0101
01010101010101010101010101010101010101010101010101010101010101010101010101010101
010101
0101010101010101010101010101010101010101010101
0101010101010101010101010101
01010101010101010101010101010101010101010101010101
01010101010101010101010101010101010101010101010101010101010101010101010101010101010101010101010101
01010101010101010101010101010101010101010101010101010101010101
0101010101010101010101010101010101010101010101010101
01010101010101010101010101010101010101010101010101010101010101
0101010101010101010101010101010101010101010101010101010101010101010101
010101010101010101010101010101010101010101010101010101010101010101010101010101010101010101
01010101010101010101010101010101010101010101010101010101010101
010101
01010101010101010101010101010101010101010101
0101
010101010101
01010101010101010101010101010101010101010101010101010101010101010101010101010101010101010101010101
0101010101010101010101010101010101010101010101010101010101010101010101010101010101010101010101010101
0101010101010101010101010101010101010101010101010101010101010101010101010101010101010101010101
010101010101010101010101010101010101010101010101010101
0101010101010101010101010101010101010101010101010101010101010101010101010101010101010101010101010101
0101010101010101010101010101010101010101010101010101
01010101010101010101010101010101
0101010101010101010101010101010101010101010101010101010101010101010101010101010101010101010101
0101010101010101010101010101010101010101010101010101010101010101010101010101
010101010101
010101010101010101010101010101
01010101010101010101010101010101010101010101010101010101010101010101010101010101010101010101010101
0101010101010101010101010101010101010101010101010101
0101010101010101010101010101010101
010101010101010101010101010101010101
01010101010101010101010101010101010101010101010101010101
0101010101010101010101010101010101010101010101010101010101010101
01010101010101010101010101
01010101010101010101010101010101010101010101
01010101010101010101010101010101010101010101010101010101010101010101010101010101
0101010101010101010101010101010101010101
0101010101010101010101010101010101010101010101010101
0101010101010101010101
0101010101010101010101010101010101010101010101010101
0101010101010101010101010101010101010101010101010101010101010101010101
01010101010101010101010101010101010101010101010101010101010101010101
0101010101010101010101010101010101010101010101
010101010101010101010101010101010101010101010101010101
01010101010101010101010101010101010101010101010101010101010101010101010101010101010101010101
0101010101010101010101010101010101010101010101010101010101010101010101
010101010101010101010101010101010101010101010101010101010101010101010101
010101010101010101010101010101010101010101010101010101010101010101010101010101010101010101010101
0101010101
0101010101010101010101010101010101010101010101010101010101010101010101010101010101010101
01010101010101010101010101010101010101010101010101
010101010101010101010101010101010101010101010101010101
01010101010101010101010101010101010101010101010101
01010101010101010101010101010101010101010101010101010101010101010101010101010101
0101010101010101010101010101
010101010101010101010101010101010101010101010101010101010101010101
010101010101010101010101010101010101010101
01010101010101010101
010101010101010101010101010101010101010101010101010101010101
010101010101010101010101010101
0101010101010101010101010101010101010101010101010101010101010101010101010101
0101010101010101010101010101010101010101010101010101010101010101010101010101010101010101010101010101
01010101010101010101010101010101010101010101010101010101
01010101010101010101010101010101010101010101010101010101010101010101
0101010101010101010101010101010101010101010101010101010101010101010101010101010101010101
0101010101010101010101
01010101010101010101010101
010101010101010101010101
0101010101010101010101010101010101010101
010101010101
0101010101010101010101010101010101010101010101010101010101010101010101010101010101
0101010101010101010101010101
0101010101010101010101010101010101010101010101010101
0101010101010101010101010101010101
0101010101010101010101010101010101010101
01010101010101010101010101010101010101010101010101010101010101
01010101010101010101010101
0101010101010101010101010101010101010101010101010101010101010101
010101010101010101010101010101010101010101010101
0101010101010101010101010101010101
0101010101010101010101010101010101
01010101010101010101010101010101010101010101010101010101010101010101010101010101010101010101
01010101010101010101010101010101010101010101
010101010101010101
01010101
010101010101
01010101010101
010101010101010101010101010101010101010101010101010101010101010101
01010101010101010101010101010101
0101010101010101010101010101010101010101
010101010101
01010101010101010101010101010101010101010101010101
01010101010101010101010101010101010101010101010101010101010101
0101010101010101010101010101010101010101010101010101010101010101010101010101010101010101
0101010101
010101010101010101010101010101010101010101010101010101010101
01010101010101010101010101010101010101010101010101010101010101010101010101010101010101010101
01010101010101010101010101010101010101010101010101010101010101010101010101010101010101