1010101010101010101010101010101010
101010101010101010101010
1010101010101010101010101010101010101010
101010101010101010
101010101010101010101010101010
101010101010101010101010101010101010101010101010
1010101010
101010101010101010
1010101010101010101010101010101010101010
10101010101010101010101010101010101010
101010101010101010
101010101010101010101010
101010101010101010101010101010101010
10101010101010101010101010101010101010101010101010
10101010101010101010101010101010101010
1010101010101010
101010101010101010101010101010101010101010
1010101010
10101010101010101010101010101010101010101010
1010101010101010101010
10101010101010101010101010101010
10101010101010101010101010101010
10101010101010
1010
101010101010
10101010101010101010
10101010
1010101010101010101010101010101010101010101010
101010101010101010101010101010101010101010
10101010101010101010101010
10101010
10101010
10101010101010101010
10
10
10101010101010101010101010101010
10101010101010101010101010101010101010
101010
1010101010101010
1010101010101010101010
101010
101010101010101010
101010101010101010101010101010101010101010
10101010101010101010101010101010101010101010
101010101010101010
10101010
1010
101010
1010101010101010101010101010101010101010101010
1010101010101010101010
101010101010101010101010101010101010101010101010
1010101010101010101010
101010101010101010101010101010101010
1010101010101010101010101010101010
10101010101010101010101010101010101010
1010101010101010101010101010
10101010
101010101010101010101010
101010101010101010101010101010101010101010
101010101010101010101010101010101010101010101010
10101010101010101010101010101010101010101010
1010101010
10101010101010101010101010
1010101010101010
10101010101010101010101010101010
101010101010101010101010101010101010
101010101010
10101010101010
101010101010101010101010101010101010101010101010
10101010101010101010
10101010101010101010101010101010101010101010
10101010101010101010101010101010101010
1010101010101010
101010101010101010101010101010101010
10
10101010101010
1010101010101010101010
10101010101010101010
101010101010101010101010101010
1010101010101010101010101010
10101010101010101010
10
10101010101010101010101010
101010
1010101010101010101010101010101010101010
101010101010
1010101010101010101010101010
10101010101010101010101010
10101010
101010101010101010101010
10101010
1010101010101010
101010101010101010101010
101010101010
10101010
1010101010101010101010101010101010
10101010
1010101010101010101010101010
10101010101010101010101010101010101010101010
10101010101010
10
1010101010101010101010101010101010101010
1010101010101010101010101010101010101010101010
1010101010101010
1010101010
10101010101010101010
101010101010101010101010101010101010101010
10101010101010101010101010101010101010101010101010
101010101010101010
10101010101010101010101010101010
101010101010101010101010
1010101010101010
10101010101010
101010101010101010101010101010101010101010101010
1010101010101010101010101010101010
101010
10101010101010101010101010101010101010101010101010
10
10101010101010
101010101010101010
101010101010101010101010101010
10101010
101010101010101010101010
1010
10101010101010101010101010101010101010101010101010
101010
1010101010101010101010101010101010
101010101010
1010101010101010101010
10101010101010101010101010101010101010101010
10101010
101010101010101010101010101010101010101010
10101010101010101010101010101010
10101010101010
1010
10101010
101010101010101010101010101010
1010101010101010
1010
10101010101010101010101010101010101010
10101010101010101010101010101010101010101010101010
10101010101010
101010101010101010101010101010101010101010
1010101010101010101010101010
1010101010
1010101010101010101010
101010101010101010101010101010101010101010
10101010
10101010101010101010101010101010
101010101010101010101010101010
101010101010101010101010101010101010101010101010
1010
1010101010101010101010
101010101010
10101010101010101010101010101010101010
1010101010101010101010101010101010
1010101010101010101010101010
10101010101010101010101010101010101010101010
10101010101010101010101010101010101010101010101010
1010
1010101010101010101010101010
1010101010101010
1010101010101010
1010101010101010101010101010
101010101010
10101010
10101010101010101010101010
1010101010101010101010101010
1010101010101010101010101010101010
101010101010101010101010101010101010101010
101010101010101010101010101010101010101010
10
101010101010101010101010101010101010
101010101010101010101010101010101010
1010101010
101010
101010101010101010101010101010
10101010101010101010101010
10101010101010
1010101010101010101010101010101010101010101010
10101010101010101010101010101010101010101010
10101010101010101010101010101010101010101010
101010101010101010101010
10101010101010
101010
1010101010101010101010101010101010
1010101010101010
101010101010101010101010
10101010101010101010101010101010101010
101010101010101010
101010101010101010101010101010101010101010101010
101010101010
10101010101010101010
10101010101010
1010101010101010101010
1010101010101010101010101010101010101010101010
10101010101010101010101010101010101010101010
1010101010101010101010101010101010101010
10
1010101010101010101010101010101010
10101010101010101010101010101010101010101010
1010101010
1010101010101010
101010101010101010101010101010101010101010
10101010101010101010101010
101010101010101010
10
101010101010101010101010101010
1010101010101010
1010101010
101010101010101010101010101010101010
1010101010101010101010101010101010101010101010
101010101010101010101010101010101010101010101010
10101010101010101010
101010101010101010101010101010101010101010
10101010101010101010101010
1010101010101010101010101010101010101010101010
1010
1010101010101010
101010101010101010101010101010
10101010
10101010101010101010101010
10101010101010101010
1010101010101010101010101010101010101010
101010101010101010
10101010101010101010101010101010101010
101010101010
1010
101010101010101010101010101010
10101010101010101010101010101010
10
101010101010101010101010101010
101010101010101010101010
101010101010101010101010101010
101010101010101010101010101010101010101010
10101010101010101010101010101010101010101010101010
101010101010101010101010101010
1010
10101010101010101010101010
101010101010101010
101010101010101010101010101010101010101010101010
1010101010
1010101010101010101010101010101010101010
10101010101010101010101010101010
10101010
10
101010101010101010101010101010
101010101010101010101010101010101010101010101010
101010101010101010101010101010101010
1010101010
10101010101010101010101010101010101010101010101010
10101010
10
101010101010101010
10101010101010101010101010
101010101010101010101010101010
10101010
1010
10101010101010101010101010101010101010101010101010
1010101010101010
101010101010101010101010
1010101010101010101010101010101010
10101010101010101010
101010101010101010101010101010
1010101010101010
101010101010101010101010
10101010101010101010101010
1010101010101010101010
10101010101010101010101010101010101010
10
10101010101010101010101010101010
1010
101010101010101010101010101010101010101010
101010101010101010
1010101010101010101010101010101010101010101010
10101010101010101010101010101010101010101010
101010101010101010
10101010101010101010101010101010101010101010
10101010101010101010101010
1010101010101010101010101010101010
1010101010101010101010101010101010101010101010
1010101010101010101010101010101010101010101010
101010101010101010101010101010101010
1010101010101010
10101010
1010101010101010101010101010101010101010
10101010101010101010
1010101010101010
10101010101010101010
101010101010101010101010101010
10
101010101010101010101010
101010101010101010101010101010
10
1010
10101010101010101010
1010
1010101010101010101010101010101010101010
101010101010101010101010101010
101010101010101010101010101010
10
101010101010101010101010101010101010
101010101010
101010101010101010101010101010101010101010101010
1010101010101010101010
10
101010101010101010101010101010101010101010
101010101010101010101010101010
1010
10
10
1010101010101010101010101010
10
101010101010101010101010101010101010101010101010
101010101010101010101010101010
10101010101010101010101010101010101010101010101010
101010101010101010101010101010101010
101010101010101010101010101010
101010101010101010101010101010
101010101010
1010101010101010101010101010101010
1010101010101010101010
10101010101010101010101010101010101010
10101010101010101010
101010
1010101010101010101010
10101010101010101010101010101010101010101010
101010101010101010101010101010
10101010101010101010
101010101010101010
101010101010101010101010101010101010101010101010
10101010101010101010101010101010101010
1010101010101010101010101010
10101010101010101010101010101010101010101010
101010
101010101010101010101010101010101010101010101010
101010101010101010
10101010101010101010101010101010
101010101010101010101010101010101010101010
101010101010101010101010101010101010
10
10
10101010101010101010101010101010101010101010101010
1010
1010101010101010101010
1010101010
10101010
10101010101010101010101010
10
10101010101010
101010101010101010101010101010101010101010101010
10101010101010101010101010101010101010
101010101010101010101010101010101010101010
101010
10101010101010101010101010101010
1010101010101010101010
101010
10101010101010101010101010101010101010101010
1010
1010101010101010101010101010101010101010101010
1010101010101010101010
1010101010101010101010101010101010
1010101010
10
10101010101010
1010101010101010101010101010
10101010101010101010101010101010101010
101010101010101010101010101010
101010101010101010101010101010
101010101010101010101010101010
1010101010101010101010101010101010101010
1010101010101010101010101010101010101010101010
101010101010101010101010101010101010101010
1010101010101010101010101010101010
101010101010101010
1010101010101010
10
10101010101010101010101010101010101010101010101010
1010101010101010101010101010
10101010
10101010101010101010
10101010101010101010101010101010101010101010
101010101010101010101010101010101010
101010101010101010101010
1010101010101010
1010
101010101010101010101010101010101010101010
101010101010
10101010101010101010101010101010101010101010
10101010101010101010101010101010
10101010101010101010101010101010101010
1010101010101010101010
1010101010101010101010101010
1010101010101010101010101010101010
1010101010101010
10101010101010
10101010101010101010101010101010101010
101010101010101010101010101010101010
1010101010
10101010101010101010
101010101010101010101010101010101010101010
10101010101010101010101010101010101010101010
1010101010
1010101010101010101010101010101010101010101010
101010101010
10101010101010
101010101010101010101010101010101010
10101010101010101010101010101010101010101010101010
10101010101010101010101010101010101010
1010101010101010101010101010101010
10101010101010101010
10101010101010
10
101010101010101010101010101010101010
101010101010101010101010101010101010101010101010
1010101010101010101010101010101010101010
101010101010101010101010101010101010101010101010
1010101010101010101010101010
10
1010101010101010101010101010
1010101010
1010101010101010101010
101010101010101010101010101010101010101010101010
1010
1010101010101010101010101010101010101010
10101010101010101010101010101010101010101010
1010101010101010101010101010101010
10101010101010
101010101010101010101010101010101010
1010101010101010101010101010
10101010101010101010101010101010101010101010
10101010101010101010101010101010101010
10101010101010101010101010101010
1010101010101010101010101010101010101010101010
101010101010101010101010101010101010101010
1010101010101010101010101010101010
101010101010101010101010
1010
101010101010101010101010
101010101010
1010101010101010
1010101010101010101010101010
1010101010101010
101010
10101010101010101010101010
10
101010101010101010101010101010101010101010
101010101010101010101010101010
1010101010101010101010101010101010101010
1010101010101010
10101010101010101010101010101010101010101010
101010101010101010
1010101010101010101010101010101010101010101010
10101010
1010101010101010
1010
10
1010101010101010101010101010101010101010101010
1010101010101010
101010
101010101010101010101010
10101010101010101010101010101010101010
10101010101010
10
101010101010101010101010
1010101010101010101010
101010101010
101010101010101010101010101010101010
10101010101010101010101010101010101010101010101010
101010101010101010
10101010101010101010
101010101010101010101010101010101010
1010101010101010101010
1010
101010101010101010101010
101010101010101010101010101010101010101010101010
10
101010101010101010101010
10
1010
1010101010101010101010101010101010101010101010
10101010101010101010101010101010101010101010
10101010101010101010101010101010101010
1010101010101010101010101010101010101010
101010101010101010101010101010101010101010
10101010101010
1010101010101010101010101010
1010
1010101010101010101010
10101010101010101010101010101010101010
10
101010101010101010101010101010101010101010101010
101010101010101010101010101010101010101010
1010101010101010101010101010101010101010101010
10101010101010
1010101010101010101010
10101010101010101010101010101010101010101010
1010101010101010
101010
1010101010101010101010101010
10101010101010101010101010101010101010101010101010
1010101010101010101010
10101010101010
1010101010101010101010101010101010101010101010
10101010
10101010101010101010101010
10101010101010101010101010101010101010
101010101010101010101010101010
1010101010101010101010101010101010101010101010
1010101010101010101010101010101010101010101010
1010101010101010101010101010101010101010
101010101010101010101010101010101010101010101010
101010101010101010101010
1010101010
1010101010101010101010101010101010101010
10101010101010101010101010101010101010101010
1010
101010101010101010101010
10101010101010101010101010
101010101010101010101010101010101010101010101010
101010101010101010101010101010
10
1010101010
1010101010101010101010101010
101010101010101010101010101010
101010101010101010101010101010
10101010101010101010101010101010
1010101010101010101010101010101010
101010101010101010101010
1010101010
10101010101010101010101010101010101010
10101010101010101010101010101010
10101010101010101010101010101010101010101010
101010101010
1010101010101010101010101010
101010101010
1010101010101010101010101010
101010101010101010101010101010101010101010101010
1010101010101010101010101010
1010101010101010101010101010
101010101010101010101010101010101010101010
1010101010101010101010
10101010
1010101010101010101010
10101010101010101010101010101010101010101010
1010101010101010101010101010101010101010101010
101010101010101010
1010101010
101010101010101010101010101010101010101010
101010101010101010101010101010101010
10101010101010
101010101010101010101010101010101010101010
10101010
1010101010101010101010101010101010101010
101010101010101010101010101010
1010101010101010101010101010
101010101010101010101010101010101010
1010101010101010101010
10101010101010101010101010101010101010101010
101010101010101010101010101010101010101010101010
1010101010101010101010101010101010
10
10101010101010101010101010
1010101010101010
10
101010101010101010
1010101010101010101010
10101010101010101010101010101010101010101010
10101010101010101010101010101010101010101010
10101010101010101010101010101010101010101010101010
10101010101010101010101010101010
10101010
1010101010101010101010101010
101010101010101010101010101010101010101010101010
1010101010101010101010101010101010101010101010
101010101010101010101010101010
10101010101010101010
101010101010101010101010101010
1010101010
10101010101010
1010101010101010101010101010101010
1010
101010
10101010101010101010
10101010101010101010
10101010101010101010
1010101010101010
1010101010101010101010
101010101010101010101010101010101010
101010101010101010
10101010
101010101010
101010101010101010101010101010
10101010101010101010101010101010101010
101010101010101010101010101010
10
101010101010101010101010101010101010
101010101010101010101010
101010101010101010101010101010101010
10101010101010101010101010101010
1010101010101010101010
101010101010101010101010101010101010101010
1010101010101010101010101010101010
101010101010101010
1010101010101010101010101010
1010101010
10101010101010101010101010101010101010101010
1010101010101010101010
10101010101010101010101010101010101010101010101010
1010
1010101010101010101010101010101010101010101010
101010101010101010101010101010101010101010
101010101010
1010101010
101010101010101010101010101010101010
101010
1010101010101010101010101010101010
10101010101010101010101010101010101010101010101010
101010101010
10101010101010101010
10101010
101010101010101010101010101010
10101010101010101010101010101010
10101010101010101010101010
101010101010101010
1010101010101010101010101010101010
1010101010101010101010101010101010101010101010
1010
1010
10101010101010101010101010101010101010101010101010
1010101010101010101010101010101010101010
1010101010101010
10101010
101010101010101010101010101010101010101010101010
1010101010101010101010101010101010
10101010101010101010101010101010
10101010101010101010
101010101010
1010101010101010101010101010101010
1010101010101010101010101010101010101010101010
10101010101010101010
1010101010101010
1010101010101010101010101010
1010101010101010101010101010101010101010101010
1010101010101010
10
10101010101010101010101010101010
1010
10101010101010101010
101010101010101010101010101010
10
10101010101010
101010101010101010101010101010
101010101010101010101010101010101010101010101010
10
101010101010101010101010101010101010101010
1010
1010101010101010101010101010
10101010101010101010101010101010101010
10101010
101010101010101010
1010101010
1010101010101010101010101010101010101010
10101010101010101010101010101010
1010101010101010
101010101010101010101010101010101010101010101010
101010101010101010101010101010101010
101010101010
101010101010101010101010
10101010101010101010
1010101010101010
10101010101010101010101010101010101010101010101010
10
10101010101010
10101010
101010101010101010101010101010101010101010
10
10101010101010101010
1010
10101010
1010101010101010101010101010101010
101010101010101010101010101010
10101010101010101010101010101010
10101010101010101010101010101010101010101010
101010101010101010
1010101010101010101010
101010101010101010
10
10101010101010101010
101010
10101010101010101010101010101010101010101010
10
1010101010101010101010101010101010
10101010
10101010101010
101010101010101010101010
101010101010101010
1010101010101010
10101010101010101010101010101010101010
1010101010
10101010101010101010101010
101010
101010101010101010101010101010
101010
10101010101010
1010101010
101010101010101010101010101010101010101010101010
1010101010101010101010101010101010101010
101010
10101010101010101010101010
1010101010101010101010101010101010101010
101010101010101010
10101010101010101010101010101010
1010101010
10
1010101010101010101010101010101010101010101010
10101010101010101010101010101010101010101010
1010101010101010101010
1010
10101010101010101010101010
101010101010101010101010101010
10101010101010101010101010101010101010
1010101010101010101010101010101010101010101010
10101010101010
1010101010101010101010101010101010
101010101010101010101010101010101010101010
10101010
10101010101010101010101010101010101010101010101010
1010101010101010101010101010101010101010
1010101010101010
1010101010101010101010
101010101010101010101010101010101010101010101010
101010101010101010101010101010101010101010101010
1010101010
10101010101010
1010101010101010101010101010101010101010101010
101010101010101010101010
101010101010101010101010101010101010
1010101010101010101010101010101010101010
1010101010
10101010101010
10101010101010
1010101010
10101010101010101010
101010101010101010101010101010
101010
101010101010101010101010101010101010101010101010
1010101010101010101010101010101010101010101010
10
10101010
101010101010101010
101010101010
1010101010101010101010101010
1010101010101010
10101010101010101010101010
1010101010101010101010
1010101010101010101010101010101010
101010101010101010101010101010101010101010101010
10
101010101010101010101010101010101010
1010101010101010101010101010101010101010101010
10101010101010101010101010101010101010101010101010
101010101010101010
1010101010101010
10101010101010101010101010
101010
10101010101010101010
10101010101010101010
101010101010101010
1010
101010
101010101010101010101010
10101010101010101010101010101010
101010101010101010101010101010101010101010101010
101010101010101010101010101010101010
101010101010101010101010
1010101010101010
1010101010
101010101010101010101010101010
10101010101010101010101010
10101010
10
101010101010101010101010101010101010
101010
101010101010101010101010
101010101010
1010101010101010
1010101010101010101010101010101010101010
101010101010101010
101010101010101010101010101010101010101010101010
1010101010101010101010101010101010
1010101010101010101010101010101010101010101010
1010101010101010101010
10101010101010101010101010101010
1010101010101010101010101010
1010101010101010101010101010101010101010101010
10101010101010101010101010
101010
10101010101010101010101010101010101010
1010101010101010101010101010101010
1010101010101010101010101010101010
10101010101010101010
10101010
1010101010101010101010
101010101010101010101010101010101010101010
101010101010101010101010101010101010101010101010
1010101010101010101010101010101010101010101010
10101010101010101010101010101010
101010101010101010101010
10101010101010101010101010
101010101010101010
10101010101010101010101010101010
10101010101010101010101010
101010101010
10101010101010101010101010101010101010
1010
1010101010101010101010101010101010101010101010
1010101010101010101010101010101010101010
1010101010101010101010101010101010
1010101010101010
10101010101010101010101010101010101010101010
10101010101010101010101010101010
1010101010101010101010101010
10101010
10101010101010101010101010101010101010
101010101010101010
1010101010
101010
10101010101010101010101010
10101010101010101010101010101010101010
10101010101010101010101010101010101010101010
1010101010101010101010101010
1010101010101010101010
1010101010101010101010101010101010
101010
1010101010101010
1010101010101010101010101010101010101010101010
10101010101010101010101010
101010101010101010
1010101010101010
101010101010101010101010101010101010101010101010
101010
10101010101010101010101010101010101010101010101010
1010101010101010101010101010101010101010101010
101010101010
10101010101010101010101010101010101010101010
10
1010101010
10
10101010101010101010101010101010101010101010101010
10101010101010101010101010101010
1010101010101010101010101010101010101010101010
1010101010101010
1010101010101010101010101010
1010101010101010
10101010101010101010
1010101010101010101010101010101010101010101010
10
10101010101010101010101010
1010
101010101010101010
10101010101010101010101010101010101010
10101010101010101010101010
101010101010
1010101010101010101010101010101010
10101010101010101010101010101010
1010101010
101010
101010
1010101010101010101010101010
10101010101010101010101010101010
101010101010101010
101010101010101010101010101010
1010101010101010101010101010101010
101010101010101010101010101010101010
101010
10101010101010101010101010101010101010101010
101010101010101010101010
101010101010
1010101010101010101010101010101010
1010101010101010101010
10
1010101010101010101010101010101010101010
101010101010101010101010101010101010101010
10101010101010101010101010101010101010101010
10101010101010101010101010
101010101010101010101010101010101010101010
1010101010101010101010101010101010
101010101010101010
1010101010101010101010101010
10101010101010101010101010101010
10101010101010101010
1010101010101010101010101010
1010101010101010101010101010101010101010101010
101010101010101010101010101010101010101010
1010101010101010101010101010101010
101010101010101010101010101010101010101010101010
1010101010101010101010
10101010101010101010101010101010101010101010
1010101010101010101010101010101010
1010101010101010101010101010101010
10101010101010101010101010
101010101010
101010101010101010101010
1010
10
10101010101010101010101010
1010101010101010101010101010101010101010
1010
101010101010101010101010101010101010101010101010
1010101010101010101010101010101010101010101010
1010101010
101010101010101010101010101010
101010101010101010101010101010101010101010101010
10101010101010
101010
101010101010101010101010101010
101010101010101010101010101010101010101010101010
1010
1010101010101010101010101010101010101010
101010
101010101010101010101010
10
10101010101010
101010101010101010101010101010
101010
1010101010101010101010101010101010101010
101010101010101010101010101010
101010101010101010101010101010101010
101010101010101010101010101010101010101010101010
101010101010101010101010101010
10
1010101010101010101010
101010101010101010101010
10101010101010101010101010101010101010101010
101010101010101010101010101010101010101010101010
101010101010101010101010
1010101010
1010
10101010101010101010101010101010
1010101010101010101010101010101010101010
1010101010101010101010101010
10101010101010101010
10101010101010101010101010101010101010
101010101010101010101010101010
1010101010
1010101010101010101010101010101010
10101010101010
10101010101010101010
101010
101010101010101010101010101010
101010101010101010101010101010101010101010101010
101010101010
1010101010101010101010101010
10101010101010101010101010
1010101010101010101010101010101010101010101010
10101010101010101010101010
1010101010101010101010101010101010
1010101010101010101010101010101010
10101010101010
1010101010101010101010
101010101010101010
10101010101010
1010101010
101010101010101010101010101010
10101010101010101010101010101010101010101010101010
101010
10101010
10101010101010101010
1010101010
1010101010
101010101010101010101010101010101010101010101010
1010
10101010101010101010101010101010101010
10101010101010101010
1010101010101010101010101010101010101010
10101010101010101010101010101010101010
101010101010101010
101010101010101010101010101010101010
10101010101010101010101010101010101010
101010101010101010101010101010
10101010101010101010101010101010101010
101010101010101010101010101010101010
1010101010101010101010101010101010
10101010101010101010101010101010101010101010101010
101010101010101010
1010101010101010101010101010101010101010101010
1010101010101010101010101010101010101010
1010101010101010101010101010101010
1010101010
1010101010101010101010101010101010
10101010101010101010101010
10101010101010101010101010101010
10101010101010101010101010101010101010101010
1010101010101010101010
10101010101010101010101010101010101010101010
1010101010101010101010101010101010101010
1010101010101010101010101010101010101010
1010101010101010101010101010101010101010101010
1010101010101010101010101010101010101010