10011001100110011001100110011001100110011001100110011001100110011001
100110011001100110011001100110011001100110011001
10011001100110011001100110011001100110011001100110011001100110011001100110011001
100110011001100110011001100110011001
100110011001100110011001100110011001100110011001100110011001
100110011001100110011001100110011001100110011001100110011001100110011001100110011001100110011001
10011001100110011001
100110011001100110011001100110011001
10011001100110011001100110011001100110011001100110011001100110011001100110011001
1001100110011001100110011001100110011001100110011001100110011001100110011001
100110011001100110011001100110011001
100110011001100110011001100110011001100110011001
100110011001100110011001100110011001100110011001100110011001100110011001
1001100110011001100110011001100110011001100110011001100110011001100110011001100110011001100110011001
1001100110011001100110011001100110011001100110011001100110011001100110011001
10011001100110011001100110011001
100110011001100110011001100110011001100110011001100110011001100110011001100110011001
10011001100110011001
1001100110011001100110011001100110011001100110011001100110011001100110011001100110011001
10011001100110011001100110011001100110011001
1001100110011001100110011001100110011001100110011001100110011001
1001100110011001100110011001100110011001100110011001100110011001
1001100110011001100110011001
10011001
100110011001100110011001
1001100110011001100110011001100110011001
1001100110011001
10011001100110011001100110011001100110011001100110011001100110011001100110011001100110011001
100110011001100110011001100110011001100110011001100110011001100110011001100110011001
1001100110011001100110011001100110011001100110011001
1001100110011001
1001100110011001
1001100110011001100110011001100110011001
1001
1001
1001100110011001100110011001100110011001100110011001100110011001
1001100110011001100110011001100110011001100110011001100110011001100110011001
100110011001
10011001100110011001100110011001
10011001100110011001100110011001100110011001
100110011001
100110011001100110011001100110011001
100110011001100110011001100110011001100110011001100110011001100110011001100110011001
1001100110011001100110011001100110011001100110011001100110011001100110011001100110011001
100110011001100110011001100110011001
1001100110011001
10011001
100110011001
10011001100110011001100110011001100110011001100110011001100110011001100110011001100110011001
10011001100110011001100110011001100110011001
100110011001100110011001100110011001100110011001100110011001100110011001100110011001100110011001
10011001100110011001100110011001100110011001
100110011001100110011001100110011001100110011001100110011001100110011001
10011001100110011001100110011001100110011001100110011001100110011001
1001100110011001100110011001100110011001100110011001100110011001100110011001
10011001100110011001100110011001100110011001100110011001
1001100110011001
100110011001100110011001100110011001100110011001
100110011001100110011001100110011001100110011001100110011001100110011001100110011001
100110011001100110011001100110011001100110011001100110011001100110011001100110011001100110011001
1001100110011001100110011001100110011001100110011001100110011001100110011001100110011001
10011001100110011001
1001100110011001100110011001100110011001100110011001
10011001100110011001100110011001
1001100110011001100110011001100110011001100110011001100110011001
100110011001100110011001100110011001100110011001100110011001100110011001
100110011001100110011001
1001100110011001100110011001
100110011001100110011001100110011001100110011001100110011001100110011001100110011001100110011001
1001100110011001100110011001100110011001
1001100110011001100110011001100110011001100110011001100110011001100110011001100110011001
1001100110011001100110011001100110011001100110011001100110011001100110011001
10011001100110011001100110011001
100110011001100110011001100110011001100110011001100110011001100110011001
1001
1001100110011001100110011001
10011001100110011001100110011001100110011001
1001100110011001100110011001100110011001
100110011001100110011001100110011001100110011001100110011001
10011001100110011001100110011001100110011001100110011001
1001100110011001100110011001100110011001
1001
1001100110011001100110011001100110011001100110011001
100110011001
10011001100110011001100110011001100110011001100110011001100110011001100110011001
100110011001100110011001
10011001100110011001100110011001100110011001100110011001
1001100110011001100110011001100110011001100110011001
1001100110011001
100110011001100110011001100110011001100110011001
1001100110011001
10011001100110011001100110011001
100110011001100110011001100110011001100110011001
100110011001100110011001
1001100110011001
10011001100110011001100110011001100110011001100110011001100110011001
1001100110011001
10011001100110011001100110011001100110011001100110011001
1001100110011001100110011001100110011001100110011001100110011001100110011001100110011001
1001100110011001100110011001
1001
10011001100110011001100110011001100110011001100110011001100110011001100110011001
10011001100110011001100110011001100110011001100110011001100110011001100110011001100110011001
10011001100110011001100110011001
10011001100110011001
1001100110011001100110011001100110011001
100110011001100110011001100110011001100110011001100110011001100110011001100110011001
1001100110011001100110011001100110011001100110011001100110011001100110011001100110011001100110011001
100110011001100110011001100110011001
1001100110011001100110011001100110011001100110011001100110011001
100110011001100110011001100110011001100110011001
10011001100110011001100110011001
1001100110011001100110011001
100110011001100110011001100110011001100110011001100110011001100110011001100110011001100110011001
10011001100110011001100110011001100110011001100110011001100110011001
100110011001
1001100110011001100110011001100110011001100110011001100110011001100110011001100110011001100110011001
1001
1001100110011001100110011001
100110011001100110011001100110011001
100110011001100110011001100110011001100110011001100110011001
1001100110011001
100110011001100110011001100110011001100110011001
10011001
1001100110011001100110011001100110011001100110011001100110011001100110011001100110011001100110011001
100110011001
10011001100110011001100110011001100110011001100110011001100110011001
100110011001100110011001
10011001100110011001100110011001100110011001
1001100110011001100110011001100110011001100110011001100110011001100110011001100110011001
1001100110011001
100110011001100110011001100110011001100110011001100110011001100110011001100110011001
1001100110011001100110011001100110011001100110011001100110011001
1001100110011001100110011001
10011001
1001100110011001
100110011001100110011001100110011001100110011001100110011001
10011001100110011001100110011001
10011001
1001100110011001100110011001100110011001100110011001100110011001100110011001
1001100110011001100110011001100110011001100110011001100110011001100110011001100110011001100110011001
1001100110011001100110011001
100110011001100110011001100110011001100110011001100110011001100110011001100110011001
10011001100110011001100110011001100110011001100110011001
10011001100110011001
10011001100110011001100110011001100110011001
100110011001100110011001100110011001100110011001100110011001100110011001100110011001
1001100110011001
1001100110011001100110011001100110011001100110011001100110011001
100110011001100110011001100110011001100110011001100110011001
100110011001100110011001100110011001100110011001100110011001100110011001100110011001100110011001
10011001
10011001100110011001100110011001100110011001
100110011001100110011001
1001100110011001100110011001100110011001100110011001100110011001100110011001
10011001100110011001100110011001100110011001100110011001100110011001
10011001100110011001100110011001100110011001100110011001
1001100110011001100110011001100110011001100110011001100110011001100110011001100110011001
1001100110011001100110011001100110011001100110011001100110011001100110011001100110011001100110011001
10011001
10011001100110011001100110011001100110011001100110011001
10011001100110011001100110011001
10011001100110011001100110011001
10011001100110011001100110011001100110011001100110011001
100110011001100110011001
1001100110011001
1001100110011001100110011001100110011001100110011001
10011001100110011001100110011001100110011001100110011001
10011001100110011001100110011001100110011001100110011001100110011001
100110011001100110011001100110011001100110011001100110011001100110011001100110011001
100110011001100110011001100110011001100110011001100110011001100110011001100110011001
1001
100110011001100110011001100110011001100110011001100110011001100110011001
100110011001100110011001100110011001100110011001100110011001100110011001
10011001100110011001
100110011001
100110011001100110011001100110011001100110011001100110011001
1001100110011001100110011001100110011001100110011001
1001100110011001100110011001
10011001100110011001100110011001100110011001100110011001100110011001100110011001100110011001
1001100110011001100110011001100110011001100110011001100110011001100110011001100110011001
1001100110011001100110011001100110011001100110011001100110011001100110011001100110011001
100110011001100110011001100110011001100110011001
1001100110011001100110011001
100110011001
10011001100110011001100110011001100110011001100110011001100110011001
10011001100110011001100110011001
100110011001100110011001100110011001100110011001
1001100110011001100110011001100110011001100110011001100110011001100110011001
100110011001100110011001100110011001
100110011001100110011001100110011001100110011001100110011001100110011001100110011001100110011001
100110011001100110011001
1001100110011001100110011001100110011001
1001100110011001100110011001
10011001100110011001100110011001100110011001
10011001100110011001100110011001100110011001100110011001100110011001100110011001100110011001
1001100110011001100110011001100110011001100110011001100110011001100110011001100110011001
10011001100110011001100110011001100110011001100110011001100110011001100110011001
1001
10011001100110011001100110011001100110011001100110011001100110011001
1001100110011001100110011001100110011001100110011001100110011001100110011001100110011001
10011001100110011001
10011001100110011001100110011001
100110011001100110011001100110011001100110011001100110011001100110011001100110011001
1001100110011001100110011001100110011001100110011001
100110011001100110011001100110011001
1001
100110011001100110011001100110011001100110011001100110011001
10011001100110011001100110011001
10011001100110011001
100110011001100110011001100110011001100110011001100110011001100110011001
10011001100110011001100110011001100110011001100110011001100110011001100110011001100110011001
100110011001100110011001100110011001100110011001100110011001100110011001100110011001100110011001
1001100110011001100110011001100110011001
100110011001100110011001100110011001100110011001100110011001100110011001100110011001
1001100110011001100110011001100110011001100110011001
10011001100110011001100110011001100110011001100110011001100110011001100110011001100110011001
10011001
10011001100110011001100110011001
100110011001100110011001100110011001100110011001100110011001
1001100110011001
1001100110011001100110011001100110011001100110011001
1001100110011001100110011001100110011001
10011001100110011001100110011001100110011001100110011001100110011001100110011001
100110011001100110011001100110011001
1001100110011001100110011001100110011001100110011001100110011001100110011001
100110011001100110011001
10011001
100110011001100110011001100110011001100110011001100110011001
1001100110011001100110011001100110011001100110011001100110011001
1001
100110011001100110011001100110011001100110011001100110011001
100110011001100110011001100110011001100110011001
100110011001100110011001100110011001100110011001100110011001
100110011001100110011001100110011001100110011001100110011001100110011001100110011001
1001100110011001100110011001100110011001100110011001100110011001100110011001100110011001100110011001
100110011001100110011001100110011001100110011001100110011001
10011001
1001100110011001100110011001100110011001100110011001
100110011001100110011001100110011001
100110011001100110011001100110011001100110011001100110011001100110011001100110011001100110011001
10011001100110011001
10011001100110011001100110011001100110011001100110011001100110011001100110011001
1001100110011001100110011001100110011001100110011001100110011001
1001100110011001
1001
100110011001100110011001100110011001100110011001100110011001
100110011001100110011001100110011001100110011001100110011001100110011001100110011001100110011001
100110011001100110011001100110011001100110011001100110011001100110011001
10011001100110011001
1001100110011001100110011001100110011001100110011001100110011001100110011001100110011001100110011001
1001100110011001
1001
100110011001100110011001100110011001
1001100110011001100110011001100110011001100110011001
100110011001100110011001100110011001100110011001100110011001
1001100110011001
10011001
1001100110011001100110011001100110011001100110011001100110011001100110011001100110011001100110011001
10011001100110011001100110011001
100110011001100110011001100110011001100110011001
10011001100110011001100110011001100110011001100110011001100110011001
1001100110011001100110011001100110011001
100110011001100110011001100110011001100110011001100110011001
10011001100110011001100110011001
100110011001100110011001100110011001100110011001
1001100110011001100110011001100110011001100110011001
10011001100110011001100110011001100110011001
1001100110011001100110011001100110011001100110011001100110011001100110011001
1001
1001100110011001100110011001100110011001100110011001100110011001
10011001
100110011001100110011001100110011001100110011001100110011001100110011001100110011001
100110011001100110011001100110011001
10011001100110011001100110011001100110011001100110011001100110011001100110011001100110011001
1001100110011001100110011001100110011001100110011001100110011001100110011001100110011001
100110011001100110011001100110011001
1001100110011001100110011001100110011001100110011001100110011001100110011001100110011001
1001100110011001100110011001100110011001100110011001
10011001100110011001100110011001100110011001100110011001100110011001
10011001100110011001100110011001100110011001100110011001100110011001100110011001100110011001
10011001100110011001100110011001100110011001100110011001100110011001100110011001100110011001
100110011001100110011001100110011001100110011001100110011001100110011001
10011001100110011001100110011001
1001100110011001
10011001100110011001100110011001100110011001100110011001100110011001100110011001
1001100110011001100110011001100110011001
10011001100110011001100110011001
1001100110011001100110011001100110011001
100110011001100110011001100110011001100110011001100110011001
1001
100110011001100110011001100110011001100110011001
100110011001100110011001100110011001100110011001100110011001
1001
10011001
1001100110011001100110011001100110011001
10011001
10011001100110011001100110011001100110011001100110011001100110011001100110011001
100110011001100110011001100110011001100110011001100110011001
100110011001100110011001100110011001100110011001100110011001
1001
100110011001100110011001100110011001100110011001100110011001100110011001
100110011001100110011001
100110011001100110011001100110011001100110011001100110011001100110011001100110011001100110011001
10011001100110011001100110011001100110011001
1001
100110011001100110011001100110011001100110011001100110011001100110011001100110011001
100110011001100110011001100110011001100110011001100110011001
10011001
1001
1001
10011001100110011001100110011001100110011001100110011001
1001
100110011001100110011001100110011001100110011001100110011001100110011001100110011001100110011001
100110011001100110011001100110011001100110011001100110011001
1001100110011001100110011001100110011001100110011001100110011001100110011001100110011001100110011001
100110011001100110011001100110011001100110011001100110011001100110011001
100110011001100110011001100110011001100110011001100110011001
100110011001100110011001100110011001100110011001100110011001
100110011001100110011001
10011001100110011001100110011001100110011001100110011001100110011001
10011001100110011001100110011001100110011001
1001100110011001100110011001100110011001100110011001100110011001100110011001
1001100110011001100110011001100110011001
100110011001
10011001100110011001100110011001100110011001
1001100110011001100110011001100110011001100110011001100110011001100110011001100110011001
100110011001100110011001100110011001100110011001100110011001
1001100110011001100110011001100110011001
100110011001100110011001100110011001
100110011001100110011001100110011001100110011001100110011001100110011001100110011001100110011001
1001100110011001100110011001100110011001100110011001100110011001100110011001
10011001100110011001100110011001100110011001100110011001
1001100110011001100110011001100110011001100110011001100110011001100110011001100110011001
100110011001
100110011001100110011001100110011001100110011001100110011001100110011001100110011001100110011001
100110011001100110011001100110011001
1001100110011001100110011001100110011001100110011001100110011001
100110011001100110011001100110011001100110011001100110011001100110011001100110011001
100110011001100110011001100110011001100110011001100110011001100110011001
1001
1001
1001100110011001100110011001100110011001100110011001100110011001100110011001100110011001100110011001
10011001
10011001100110011001100110011001100110011001
10011001100110011001
1001100110011001
1001100110011001100110011001100110011001100110011001
1001
1001100110011001100110011001
100110011001100110011001100110011001100110011001100110011001100110011001100110011001100110011001
1001100110011001100110011001100110011001100110011001100110011001100110011001
100110011001100110011001100110011001100110011001100110011001100110011001100110011001
100110011001
1001100110011001100110011001100110011001100110011001100110011001
10011001100110011001100110011001100110011001
100110011001
1001100110011001100110011001100110011001100110011001100110011001100110011001100110011001
10011001
10011001100110011001100110011001100110011001100110011001100110011001100110011001100110011001
10011001100110011001100110011001100110011001
10011001100110011001100110011001100110011001100110011001100110011001
10011001100110011001
1001
1001100110011001100110011001
10011001100110011001100110011001100110011001100110011001
1001100110011001100110011001100110011001100110011001100110011001100110011001
100110011001100110011001100110011001100110011001100110011001
100110011001100110011001100110011001100110011001100110011001
100110011001100110011001100110011001100110011001100110011001
10011001100110011001100110011001100110011001100110011001100110011001100110011001
10011001100110011001100110011001100110011001100110011001100110011001100110011001100110011001
100110011001100110011001100110011001100110011001100110011001100110011001100110011001
10011001100110011001100110011001100110011001100110011001100110011001
100110011001100110011001100110011001
10011001100110011001100110011001
1001
1001100110011001100110011001100110011001100110011001100110011001100110011001100110011001100110011001
10011001100110011001100110011001100110011001100110011001
1001100110011001
1001100110011001100110011001100110011001
1001100110011001100110011001100110011001100110011001100110011001100110011001100110011001
100110011001100110011001100110011001100110011001100110011001100110011001
100110011001100110011001100110011001100110011001
10011001100110011001100110011001
10011001
100110011001100110011001100110011001100110011001100110011001100110011001100110011001
100110011001100110011001
1001100110011001100110011001100110011001100110011001100110011001100110011001100110011001
1001100110011001100110011001100110011001100110011001100110011001
1001100110011001100110011001100110011001100110011001100110011001100110011001
10011001100110011001100110011001100110011001
10011001100110011001100110011001100110011001100110011001
10011001100110011001100110011001100110011001100110011001100110011001
10011001100110011001100110011001
1001100110011001100110011001
1001100110011001100110011001100110011001100110011001100110011001100110011001
100110011001100110011001100110011001100110011001100110011001100110011001
10011001100110011001
1001100110011001100110011001100110011001
100110011001100110011001100110011001100110011001100110011001100110011001100110011001
1001100110011001100110011001100110011001100110011001100110011001100110011001100110011001
10011001100110011001
10011001100110011001100110011001100110011001100110011001100110011001100110011001100110011001
100110011001100110011001
1001100110011001100110011001
100110011001100110011001100110011001100110011001100110011001100110011001
1001100110011001100110011001100110011001100110011001100110011001100110011001100110011001100110011001
1001100110011001100110011001100110011001100110011001100110011001100110011001
10011001100110011001100110011001100110011001100110011001100110011001
1001100110011001100110011001100110011001
1001100110011001100110011001
1001
100110011001100110011001100110011001100110011001100110011001100110011001
100110011001100110011001100110011001100110011001100110011001100110011001100110011001100110011001
10011001100110011001100110011001100110011001100110011001100110011001100110011001
100110011001100110011001100110011001100110011001100110011001100110011001100110011001100110011001
10011001100110011001100110011001100110011001100110011001
1001
10011001100110011001100110011001100110011001100110011001
10011001100110011001
10011001100110011001100110011001100110011001
100110011001100110011001100110011001100110011001100110011001100110011001100110011001100110011001
10011001
10011001100110011001100110011001100110011001100110011001100110011001100110011001
1001100110011001100110011001100110011001100110011001100110011001100110011001100110011001
10011001100110011001100110011001100110011001100110011001100110011001
1001100110011001100110011001
100110011001100110011001100110011001100110011001100110011001100110011001
10011001100110011001100110011001100110011001100110011001
1001100110011001100110011001100110011001100110011001100110011001100110011001100110011001
1001100110011001100110011001100110011001100110011001100110011001100110011001
1001100110011001100110011001100110011001100110011001100110011001
10011001100110011001100110011001100110011001100110011001100110011001100110011001100110011001
100110011001100110011001100110011001100110011001100110011001100110011001100110011001
10011001100110011001100110011001100110011001100110011001100110011001
100110011001100110011001100110011001100110011001
10011001
100110011001100110011001100110011001100110011001
100110011001100110011001
10011001100110011001100110011001
10011001100110011001100110011001100110011001100110011001
10011001100110011001100110011001
100110011001
1001100110011001100110011001100110011001100110011001
1001
100110011001100110011001100110011001100110011001100110011001100110011001100110011001
100110011001100110011001100110011001100110011001100110011001
10011001100110011001100110011001100110011001100110011001100110011001100110011001
10011001100110011001100110011001
1001100110011001100110011001100110011001100110011001100110011001100110011001100110011001
100110011001100110011001100110011001
10011001100110011001100110011001100110011001100110011001100110011001100110011001100110011001
1001100110011001
10011001100110011001100110011001
10011001
1001
10011001100110011001100110011001100110011001100110011001100110011001100110011001100110011001
10011001100110011001100110011001
100110011001
100110011001100110011001100110011001100110011001
1001100110011001100110011001100110011001100110011001100110011001100110011001
1001100110011001100110011001
1001
100110011001100110011001100110011001100110011001
10011001100110011001100110011001100110011001
100110011001100110011001
100110011001100110011001100110011001100110011001100110011001100110011001
1001100110011001100110011001100110011001100110011001100110011001100110011001100110011001100110011001
100110011001100110011001100110011001
1001100110011001100110011001100110011001
100110011001100110011001100110011001100110011001100110011001100110011001
10011001100110011001100110011001100110011001
10011001
100110011001100110011001100110011001100110011001
100110011001100110011001100110011001100110011001100110011001100110011001100110011001100110011001
1001
100110011001100110011001100110011001100110011001
1001
10011001
10011001100110011001100110011001100110011001100110011001100110011001100110011001100110011001
1001100110011001100110011001100110011001100110011001100110011001100110011001100110011001
1001100110011001100110011001100110011001100110011001100110011001100110011001
10011001100110011001100110011001100110011001100110011001100110011001100110011001
100110011001100110011001100110011001100110011001100110011001100110011001100110011001
1001100110011001100110011001
10011001100110011001100110011001100110011001100110011001
10011001
10011001100110011001100110011001100110011001
1001100110011001100110011001100110011001100110011001100110011001100110011001
1001
100110011001100110011001100110011001100110011001100110011001100110011001100110011001100110011001
100110011001100110011001100110011001100110011001100110011001100110011001100110011001
10011001100110011001100110011001100110011001100110011001100110011001100110011001100110011001
1001100110011001100110011001
10011001100110011001100110011001100110011001
1001100110011001100110011001100110011001100110011001100110011001100110011001100110011001
10011001100110011001100110011001
100110011001
10011001100110011001100110011001100110011001100110011001
1001100110011001100110011001100110011001100110011001100110011001100110011001100110011001100110011001
10011001100110011001100110011001100110011001
1001100110011001100110011001
10011001100110011001100110011001100110011001100110011001100110011001100110011001100110011001
1001100110011001
1001100110011001100110011001100110011001100110011001
1001100110011001100110011001100110011001100110011001100110011001100110011001
100110011001100110011001100110011001100110011001100110011001
10011001100110011001100110011001100110011001100110011001100110011001100110011001100110011001
10011001100110011001100110011001100110011001100110011001100110011001100110011001100110011001
10011001100110011001100110011001100110011001100110011001100110011001100110011001
100110011001100110011001100110011001100110011001100110011001100110011001100110011001100110011001
100110011001100110011001100110011001100110011001
10011001100110011001
10011001100110011001100110011001100110011001100110011001100110011001100110011001
1001100110011001100110011001100110011001100110011001100110011001100110011001100110011001
10011001
100110011001100110011001100110011001100110011001
1001100110011001100110011001100110011001100110011001
100110011001100110011001100110011001100110011001100110011001100110011001100110011001100110011001
100110011001100110011001100110011001100110011001100110011001
1001
10011001100110011001
10011001100110011001100110011001100110011001100110011001
100110011001100110011001100110011001100110011001100110011001
100110011001100110011001100110011001100110011001100110011001
1001100110011001100110011001100110011001100110011001100110011001
10011001100110011001100110011001100110011001100110011001100110011001
100110011001100110011001100110011001100110011001
10011001100110011001
1001100110011001100110011001100110011001100110011001100110011001100110011001
1001100110011001100110011001100110011001100110011001100110011001
1001100110011001100110011001100110011001100110011001100110011001100110011001100110011001
100110011001100110011001
10011001100110011001100110011001100110011001100110011001
100110011001100110011001
10011001100110011001100110011001100110011001100110011001
100110011001100110011001100110011001100110011001100110011001100110011001100110011001100110011001
10011001100110011001100110011001100110011001100110011001
10011001100110011001100110011001100110011001100110011001
100110011001100110011001100110011001100110011001100110011001100110011001100110011001
10011001100110011001100110011001100110011001
1001100110011001
10011001100110011001100110011001100110011001
1001100110011001100110011001100110011001100110011001100110011001100110011001100110011001
10011001100110011001100110011001100110011001100110011001100110011001100110011001100110011001
100110011001100110011001100110011001
10011001100110011001
100110011001100110011001100110011001100110011001100110011001100110011001100110011001
100110011001100110011001100110011001100110011001100110011001100110011001
1001100110011001100110011001
100110011001100110011001100110011001100110011001100110011001100110011001100110011001
1001100110011001
10011001100110011001100110011001100110011001100110011001100110011001100110011001
100110011001100110011001100110011001100110011001100110011001
10011001100110011001100110011001100110011001100110011001
100110011001100110011001100110011001100110011001100110011001100110011001
10011001100110011001100110011001100110011001
1001100110011001100110011001100110011001100110011001100110011001100110011001100110011001
100110011001100110011001100110011001100110011001100110011001100110011001100110011001100110011001
10011001100110011001100110011001100110011001100110011001100110011001
1001
1001100110011001100110011001100110011001100110011001
10011001100110011001100110011001
1001
100110011001100110011001100110011001
10011001100110011001100110011001100110011001
1001100110011001100110011001100110011001100110011001100110011001100110011001100110011001
1001100110011001100110011001100110011001100110011001100110011001100110011001100110011001
1001100110011001100110011001100110011001100110011001100110011001100110011001100110011001100110011001
1001100110011001100110011001100110011001100110011001100110011001
1001100110011001
10011001100110011001100110011001100110011001100110011001
100110011001100110011001100110011001100110011001100110011001100110011001100110011001100110011001
10011001100110011001100110011001100110011001100110011001100110011001100110011001100110011001
100110011001100110011001100110011001100110011001100110011001
1001100110011001100110011001100110011001
100110011001100110011001100110011001100110011001100110011001
10011001100110011001
1001100110011001100110011001
10011001100110011001100110011001100110011001100110011001100110011001
10011001
100110011001
1001100110011001100110011001100110011001
1001100110011001100110011001100110011001
1001100110011001100110011001100110011001
10011001100110011001100110011001
10011001100110011001100110011001100110011001
100110011001100110011001100110011001100110011001100110011001100110011001
100110011001100110011001100110011001
1001100110011001
100110011001100110011001
100110011001100110011001100110011001100110011001100110011001
1001100110011001100110011001100110011001100110011001100110011001100110011001
100110011001100110011001100110011001100110011001100110011001
1001
100110011001100110011001100110011001100110011001100110011001100110011001
100110011001100110011001100110011001100110011001
100110011001100110011001100110011001100110011001100110011001100110011001
1001100110011001100110011001100110011001100110011001100110011001
10011001100110011001100110011001100110011001
100110011001100110011001100110011001100110011001100110011001100110011001100110011001
10011001100110011001100110011001100110011001100110011001100110011001
100110011001100110011001100110011001
10011001100110011001100110011001100110011001100110011001
10011001100110011001
1001100110011001100110011001100110011001100110011001100110011001100110011001100110011001
10011001100110011001100110011001100110011001
1001100110011001100110011001100110011001100110011001100110011001100110011001100110011001100110011001
10011001
10011001100110011001100110011001100110011001100110011001100110011001100110011001100110011001
100110011001100110011001100110011001100110011001100110011001100110011001100110011001
100110011001100110011001
10011001100110011001
100110011001100110011001100110011001100110011001100110011001100110011001
100110011001
10011001100110011001100110011001100110011001100110011001100110011001
1001100110011001100110011001100110011001100110011001100110011001100110011001100110011001100110011001
100110011001100110011001
1001100110011001100110011001100110011001
1001100110011001
100110011001100110011001100110011001100110011001100110011001
1001100110011001100110011001100110011001100110011001100110011001
1001100110011001100110011001100110011001100110011001
100110011001100110011001100110011001
10011001100110011001100110011001100110011001100110011001100110011001
10011001100110011001100110011001100110011001100110011001100110011001100110011001100110011001
10011001
10011001
1001100110011001100110011001100110011001100110011001100110011001100110011001100110011001100110011001
10011001100110011001100110011001100110011001100110011001100110011001100110011001
10011001100110011001100110011001
1001100110011001
100110011001100110011001100110011001100110011001100110011001100110011001100110011001100110011001
10011001100110011001100110011001100110011001100110011001100110011001
1001100110011001100110011001100110011001100110011001100110011001
1001100110011001100110011001100110011001
100110011001100110011001
10011001100110011001100110011001100110011001100110011001100110011001
10011001100110011001100110011001100110011001100110011001100110011001100110011001100110011001
1001100110011001100110011001100110011001
10011001100110011001100110011001
10011001100110011001100110011001100110011001100110011001
10011001100110011001100110011001100110011001100110011001100110011001100110011001100110011001
10011001100110011001100110011001
1001
1001100110011001100110011001100110011001100110011001100110011001
10011001
1001100110011001100110011001100110011001
100110011001100110011001100110011001100110011001100110011001
1001
1001100110011001100110011001
100110011001100110011001100110011001100110011001100110011001
100110011001100110011001100110011001100110011001100110011001100110011001100110011001100110011001
1001
100110011001100110011001100110011001100110011001100110011001100110011001100110011001
10011001
10011001100110011001100110011001100110011001100110011001
1001100110011001100110011001100110011001100110011001100110011001100110011001
1001100110011001
100110011001100110011001100110011001
10011001100110011001
10011001100110011001100110011001100110011001100110011001100110011001100110011001
1001100110011001100110011001100110011001100110011001100110011001
10011001100110011001100110011001
100110011001100110011001100110011001100110011001100110011001100110011001100110011001100110011001
100110011001100110011001100110011001100110011001100110011001100110011001
100110011001100110011001
100110011001100110011001100110011001100110011001
1001100110011001100110011001100110011001
10011001100110011001100110011001
1001100110011001100110011001100110011001100110011001100110011001100110011001100110011001100110011001
1001
1001100110011001100110011001
1001100110011001
100110011001100110011001100110011001100110011001100110011001100110011001100110011001
1001
1001100110011001100110011001100110011001
10011001
1001100110011001
10011001100110011001100110011001100110011001100110011001100110011001
100110011001100110011001100110011001100110011001100110011001
1001100110011001100110011001100110011001100110011001100110011001
1001100110011001100110011001100110011001100110011001100110011001100110011001100110011001
100110011001100110011001100110011001
10011001100110011001100110011001100110011001
100110011001100110011001100110011001
1001
1001100110011001100110011001100110011001
100110011001
1001100110011001100110011001100110011001100110011001100110011001100110011001100110011001
1001
10011001100110011001100110011001100110011001100110011001100110011001
1001100110011001
1001100110011001100110011001
100110011001100110011001100110011001100110011001
100110011001100110011001100110011001
10011001100110011001100110011001
1001100110011001100110011001100110011001100110011001100110011001100110011001
10011001100110011001
1001100110011001100110011001100110011001100110011001
100110011001
100110011001100110011001100110011001100110011001100110011001
100110011001
1001100110011001100110011001
10011001100110011001
100110011001100110011001100110011001100110011001100110011001100110011001100110011001100110011001
10011001100110011001100110011001100110011001100110011001100110011001100110011001
100110011001
1001100110011001100110011001100110011001100110011001
10011001100110011001100110011001100110011001100110011001100110011001100110011001
100110011001100110011001100110011001
1001100110011001100110011001100110011001100110011001100110011001
10011001100110011001
1001
10011001100110011001100110011001100110011001100110011001100110011001100110011001100110011001
1001100110011001100110011001100110011001100110011001100110011001100110011001100110011001
10011001100110011001100110011001100110011001
10011001
1001100110011001100110011001100110011001100110011001
100110011001100110011001100110011001100110011001100110011001
1001100110011001100110011001100110011001100110011001100110011001100110011001
10011001100110011001100110011001100110011001100110011001100110011001100110011001100110011001
1001100110011001100110011001
10011001100110011001100110011001100110011001100110011001100110011001
100110011001100110011001100110011001100110011001100110011001100110011001100110011001
1001100110011001
1001100110011001100110011001100110011001100110011001100110011001100110011001100110011001100110011001
10011001100110011001100110011001100110011001100110011001100110011001100110011001
10011001100110011001100110011001
10011001100110011001100110011001100110011001
100110011001100110011001100110011001100110011001100110011001100110011001100110011001100110011001
100110011001100110011001100110011001100110011001100110011001100110011001100110011001100110011001
10011001100110011001
1001100110011001100110011001
10011001100110011001100110011001100110011001100110011001100110011001100110011001100110011001
100110011001100110011001100110011001100110011001
100110011001100110011001100110011001100110011001100110011001100110011001
10011001100110011001100110011001100110011001100110011001100110011001100110011001
10011001100110011001
1001100110011001100110011001
1001100110011001100110011001
10011001100110011001
1001100110011001100110011001100110011001
100110011001100110011001100110011001100110011001100110011001
100110011001
100110011001100110011001100110011001100110011001100110011001100110011001100110011001100110011001
10011001100110011001100110011001100110011001100110011001100110011001100110011001100110011001
1001
1001100110011001
100110011001100110011001100110011001
100110011001100110011001
10011001100110011001100110011001100110011001100110011001
10011001100110011001100110011001
1001100110011001100110011001100110011001100110011001
10011001100110011001100110011001100110011001
10011001100110011001100110011001100110011001100110011001100110011001
100110011001100110011001100110011001100110011001100110011001100110011001100110011001100110011001
1001
100110011001100110011001100110011001100110011001100110011001100110011001
10011001100110011001100110011001100110011001100110011001100110011001100110011001100110011001
1001100110011001100110011001100110011001100110011001100110011001100110011001100110011001100110011001
100110011001100110011001100110011001
10011001100110011001100110011001
1001100110011001100110011001100110011001100110011001
100110011001
1001100110011001100110011001100110011001
1001100110011001100110011001100110011001
100110011001100110011001100110011001
10011001
100110011001
100110011001100110011001100110011001100110011001
1001100110011001100110011001100110011001100110011001100110011001
100110011001100110011001100110011001100110011001100110011001100110011001100110011001100110011001
100110011001100110011001100110011001100110011001100110011001100110011001
100110011001100110011001100110011001100110011001
10011001100110011001100110011001
10011001100110011001
100110011001100110011001100110011001100110011001100110011001
1001100110011001100110011001100110011001100110011001
1001100110011001
1001
100110011001100110011001100110011001100110011001100110011001100110011001
100110011001
100110011001100110011001100110011001100110011001
100110011001100110011001
10011001100110011001100110011001
10011001100110011001100110011001100110011001100110011001100110011001100110011001
100110011001100110011001100110011001
100110011001100110011001100110011001100110011001100110011001100110011001100110011001100110011001
10011001100110011001100110011001100110011001100110011001100110011001
10011001100110011001100110011001100110011001100110011001100110011001100110011001100110011001
10011001100110011001100110011001100110011001
1001100110011001100110011001100110011001100110011001100110011001
10011001100110011001100110011001100110011001100110011001
10011001100110011001100110011001100110011001100110011001100110011001100110011001100110011001
1001100110011001100110011001100110011001100110011001
100110011001
1001100110011001100110011001100110011001100110011001100110011001100110011001
10011001100110011001100110011001100110011001100110011001100110011001
10011001100110011001100110011001100110011001100110011001100110011001
1001100110011001100110011001100110011001
1001100110011001
10011001100110011001100110011001100110011001
100110011001100110011001100110011001100110011001100110011001100110011001100110011001
100110011001100110011001100110011001100110011001100110011001100110011001100110011001100110011001
10011001100110011001100110011001100110011001100110011001100110011001100110011001100110011001
1001100110011001100110011001100110011001100110011001100110011001
100110011001100110011001100110011001100110011001
1001100110011001100110011001100110011001100110011001
100110011001100110011001100110011001
1001100110011001100110011001100110011001100110011001100110011001
1001100110011001100110011001100110011001100110011001
100110011001100110011001
1001100110011001100110011001100110011001100110011001100110011001100110011001
10011001
10011001100110011001100110011001100110011001100110011001100110011001100110011001100110011001
10011001100110011001100110011001100110011001100110011001100110011001100110011001
10011001100110011001100110011001100110011001100110011001100110011001
10011001100110011001100110011001
1001100110011001100110011001100110011001100110011001100110011001100110011001100110011001
1001100110011001100110011001100110011001100110011001100110011001
10011001100110011001100110011001100110011001100110011001
1001100110011001
1001100110011001100110011001100110011001100110011001100110011001100110011001
100110011001100110011001100110011001
10011001100110011001
100110011001
1001100110011001100110011001100110011001100110011001
1001100110011001100110011001100110011001100110011001100110011001100110011001
1001100110011001100110011001100110011001100110011001100110011001100110011001100110011001
10011001100110011001100110011001100110011001100110011001
10011001100110011001100110011001100110011001
10011001100110011001100110011001100110011001100110011001100110011001
100110011001
10011001100110011001100110011001
10011001100110011001100110011001100110011001100110011001100110011001100110011001100110011001
1001100110011001100110011001100110011001100110011001
100110011001100110011001100110011001
10011001100110011001100110011001
100110011001100110011001100110011001100110011001100110011001100110011001100110011001100110011001
100110011001
1001100110011001100110011001100110011001100110011001100110011001100110011001100110011001100110011001
10011001100110011001100110011001100110011001100110011001100110011001100110011001100110011001
100110011001100110011001
1001100110011001100110011001100110011001100110011001100110011001100110011001100110011001
1001
10011001100110011001
1001
1001100110011001100110011001100110011001100110011001100110011001100110011001100110011001100110011001
1001100110011001100110011001100110011001100110011001100110011001
10011001100110011001100110011001100110011001100110011001100110011001100110011001100110011001
10011001100110011001100110011001
10011001100110011001100110011001100110011001100110011001
10011001100110011001100110011001
1001100110011001100110011001100110011001
10011001100110011001100110011001100110011001100110011001100110011001100110011001100110011001
1001
1001100110011001100110011001100110011001100110011001
10011001
100110011001100110011001100110011001
1001100110011001100110011001100110011001100110011001100110011001100110011001
1001100110011001100110011001100110011001100110011001
100110011001100110011001
10011001100110011001100110011001100110011001100110011001100110011001
1001100110011001100110011001100110011001100110011001100110011001
10011001100110011001
100110011001
100110011001
10011001100110011001100110011001100110011001100110011001
1001100110011001100110011001100110011001100110011001100110011001
100110011001100110011001100110011001
100110011001100110011001100110011001100110011001100110011001
10011001100110011001100110011001100110011001100110011001100110011001
100110011001100110011001100110011001100110011001100110011001100110011001
100110011001
1001100110011001100110011001100110011001100110011001100110011001100110011001100110011001
100110011001100110011001100110011001100110011001
100110011001100110011001
10011001100110011001100110011001100110011001100110011001100110011001
10011001100110011001100110011001100110011001
1001
10011001100110011001100110011001100110011001100110011001100110011001100110011001
100110011001100110011001100110011001100110011001100110011001100110011001100110011001
1001100110011001100110011001100110011001100110011001100110011001100110011001100110011001
1001100110011001100110011001100110011001100110011001
100110011001100110011001100110011001100110011001100110011001100110011001100110011001
10011001100110011001100110011001100110011001100110011001100110011001
100110011001100110011001100110011001
10011001100110011001100110011001100110011001100110011001
1001100110011001100110011001100110011001100110011001100110011001
1001100110011001100110011001100110011001
10011001100110011001100110011001100110011001100110011001
10011001100110011001100110011001100110011001100110011001100110011001100110011001100110011001
100110011001100110011001100110011001100110011001100110011001100110011001100110011001
10011001100110011001100110011001100110011001100110011001100110011001
100110011001100110011001100110011001100110011001100110011001100110011001100110011001100110011001
10011001100110011001100110011001100110011001
1001100110011001100110011001100110011001100110011001100110011001100110011001100110011001
10011001100110011001100110011001100110011001100110011001100110011001
10011001100110011001100110011001100110011001100110011001100110011001
1001100110011001100110011001100110011001100110011001
100110011001100110011001
100110011001100110011001100110011001100110011001
10011001
1001
1001100110011001100110011001100110011001100110011001
10011001100110011001100110011001100110011001100110011001100110011001100110011001
10011001
100110011001100110011001100110011001100110011001100110011001100110011001100110011001100110011001
10011001100110011001100110011001100110011001100110011001100110011001100110011001100110011001
10011001100110011001
100110011001100110011001100110011001100110011001100110011001
100110011001100110011001100110011001100110011001100110011001100110011001100110011001100110011001
1001100110011001100110011001
100110011001
100110011001100110011001100110011001100110011001100110011001
100110011001100110011001100110011001100110011001100110011001100110011001100110011001100110011001
10011001
10011001100110011001100110011001100110011001100110011001100110011001100110011001
100110011001
100110011001100110011001100110011001100110011001
1001
1001100110011001100110011001
100110011001100110011001100110011001100110011001100110011001
100110011001
10011001100110011001100110011001100110011001100110011001100110011001100110011001
100110011001100110011001100110011001100110011001100110011001
100110011001100110011001100110011001100110011001100110011001100110011001
100110011001100110011001100110011001100110011001100110011001100110011001100110011001100110011001
100110011001100110011001100110011001100110011001100110011001
1001
10011001100110011001100110011001100110011001
100110011001100110011001100110011001100110011001
1001100110011001100110011001100110011001100110011001100110011001100110011001100110011001
100110011001100110011001100110011001100110011001100110011001100110011001100110011001100110011001
100110011001100110011001100110011001100110011001
10011001100110011001
10011001
1001100110011001100110011001100110011001100110011001100110011001
10011001100110011001100110011001100110011001100110011001100110011001100110011001
10011001100110011001100110011001100110011001100110011001
1001100110011001100110011001100110011001
1001100110011001100110011001100110011001100110011001100110011001100110011001
100110011001100110011001100110011001100110011001100110011001
10011001100110011001
10011001100110011001100110011001100110011001100110011001100110011001
1001100110011001100110011001
1001100110011001100110011001100110011001
100110011001
100110011001100110011001100110011001100110011001100110011001
100110011001100110011001100110011001100110011001100110011001100110011001100110011001100110011001
100110011001100110011001
10011001100110011001100110011001100110011001100110011001
1001100110011001100110011001100110011001100110011001
10011001100110011001100110011001100110011001100110011001100110011001100110011001100110011001
1001100110011001100110011001100110011001100110011001
10011001100110011001100110011001100110011001100110011001100110011001
10011001100110011001100110011001100110011001100110011001100110011001
1001100110011001100110011001
10011001100110011001100110011001100110011001
100110011001100110011001100110011001
1001100110011001100110011001
10011001100110011001
100110011001100110011001100110011001100110011001100110011001
1001100110011001100110011001100110011001100110011001100110011001100110011001100110011001100110011001
100110011001
1001100110011001
1001100110011001100110011001100110011001
10011001100110011001
10011001100110011001
100110011001100110011001100110011001100110011001100110011001100110011001100110011001100110011001
10011001
1001100110011001100110011001100110011001100110011001100110011001100110011001
1001100110011001100110011001100110011001
10011001100110011001100110011001100110011001100110011001100110011001100110011001
1001100110011001100110011001100110011001100110011001100110011001100110011001
100110011001100110011001100110011001
100110011001100110011001100110011001100110011001100110011001100110011001
1001100110011001100110011001100110011001100110011001100110011001100110011001
100110011001100110011001100110011001100110011001100110011001
1001100110011001100110011001100110011001100110011001100110011001100110011001
100110011001100110011001100110011001100110011001100110011001100110011001
10011001100110011001100110011001100110011001100110011001100110011001
1001100110011001100110011001100110011001100110011001100110011001100110011001100110011001100110011001
100110011001100110011001100110011001
10011001100110011001100110011001100110011001100110011001100110011001100110011001100110011001
10011001100110011001100110011001100110011001100110011001100110011001100110011001
10011001100110011001100110011001100110011001100110011001100110011001
10011001100110011001
10011001100110011001100110011001100110011001100110011001100110011001
1001100110011001100110011001100110011001100110011001
1001100110011001100110011001100110011001100110011001100110011001
1001100110011001100110011001100110011001100110011001100110011001100110011001100110011001
10011001100110011001100110011001100110011001
1001100110011001100110011001100110011001100110011001100110011001100110011001100110011001
10011001100110011001100110011001100110011001100110011001100110011001100110011001
10011001100110011001100110011001100110011001100110011001100110011001100110011001
10011001100110011001100110011001100110011001100110011001100110011001100110011001100110011001
10011001100110011001100110011001100110011001100110011001100110011001100110011001